               * /home/santhosh.ldc20/esim-workspace/dff/dff.cir
               Transient Analysis  Sat Oct  8 21:47:25  2022
--------------------------------------------------------------------------------
Index   time            a1#branch_1_0   a6#branch_1_0   v1#branch       
--------------------------------------------------------------------------------
0	0.000000e+00	0.000000e+00	0.000000e+00	0.000000e+00	
1	1.000000e-05	1.623270e-20	0.000000e+00	0.000000e+00	
2	2.000000e-05	1.521630e-20	0.000000e+00	0.000000e+00	
3	4.000000e-05	1.350631e-20	0.000000e+00	0.000000e+00	
4	8.000000e-05	1.131286e-20	0.000000e+00	0.000000e+00	
5	1.600000e-04	8.834237e-21	0.000000e+00	0.000000e+00	
6	3.200000e-04	5.847760e-21	0.000000e+00	0.000000e+00	
7	6.400000e-04	2.455040e-21	0.000000e+00	0.000000e+00	
8	1.000000e-03	9.067321e-22	0.000000e+00	0.000000e+00	
9	1.064000e-03	-1.11925e-12	0.000000e+00	0.000000e+00	
10	1.064002e-03	-1.09354e-12	0.000000e+00	0.000000e+00	
11	1.064002e-03	1.514351e-05	0.000000e+00	0.000000e+00	
12	1.064002e-03	1.502913e-05	0.000000e+00	0.000000e+00	
13	1.064002e-03	1.743796e-05	0.000000e+00	0.000000e+00	
14	1.064003e-03	2.898135e-05	0.000000e+00	0.000000e+00	
15	1.064003e-03	2.842228e-05	0.000000e+00	0.000000e+00	
16	1.064003e-03	2.396390e-05	0.000000e+00	0.000000e+00	
17	1.064003e-03	2.865020e-05	0.000000e+00	0.000000e+00	
18	1.064003e-03	2.509330e-05	0.000000e+00	0.000000e+00	
19	1.064003e-03	1.225471e-06	0.000000e+00	0.000000e+00	
20	1.064003e-03	-6.45451e-07	0.000000e+00	0.000000e+00	
21	1.064003e-03	4.684828e-07	0.000000e+00	0.000000e+00	
22	1.064003e-03	-3.82398e-07	0.000000e+00	0.000000e+00	
23	1.064003e-03	3.460666e-07	0.000000e+00	0.000000e+00	
24	1.064004e-03	-3.28040e-07	0.000000e+00	0.000000e+00	
25	1.064005e-03	3.198107e-07	0.000000e+00	0.000000e+00	
26	1.064006e-03	-3.15534e-07	0.000000e+00	0.000000e+00	
27	1.064009e-03	3.135267e-07	0.000000e+00	0.000000e+00	
28	1.064016e-03	-3.12473e-07	0.000000e+00	0.000000e+00	
29	1.064029e-03	3.119726e-07	0.000000e+00	0.000000e+00	
30	1.064054e-03	-3.11712e-07	0.000000e+00	0.000000e+00	
31	1.064105e-03	3.115851e-07	0.000000e+00	0.000000e+00	
32	1.064207e-03	-3.11521e-07	0.000000e+00	0.000000e+00	
33	1.064412e-03	3.114883e-07	0.000000e+00	0.000000e+00	
34	1.064820e-03	-3.11474e-07	0.000000e+00	0.000000e+00	
35	1.065638e-03	3.114640e-07	0.000000e+00	0.000000e+00	
36	1.067272e-03	-3.11462e-07	0.000000e+00	0.000000e+00	
37	1.070541e-03	3.114574e-07	0.000000e+00	0.000000e+00	
38	1.077079e-03	-3.11461e-07	0.000000e+00	0.000000e+00	
39	1.090155e-03	3.114519e-07	0.000000e+00	0.000000e+00	
40	1.116307e-03	-3.11478e-07	0.000000e+00	0.000000e+00	
41	1.168611e-03	3.114381e-07	0.000000e+00	0.000000e+00	
42	1.273219e-03	-3.11438e-07	0.000000e+00	0.000000e+00	
43	1.383591e-03	3.114381e-07	0.000000e+00	0.000000e+00	
44	1.570146e-03	-3.11438e-07	0.000000e+00	0.000000e+00	
45	1.943255e-03	3.114381e-07	0.000000e+00	0.000000e+00	
46	2.000000e-03	-3.11438e-07	0.000000e+00	0.000000e+00	
47	2.047005e-03	-3.43174e-14	0.000000e+00	0.000000e+00	
48	2.141016e-03	3.429736e-14	0.000000e+00	0.000000e+00	
49	2.254607e-03	-3.43319e-14	0.000000e+00	0.000000e+00	
50	2.481791e-03	3.433191e-14	0.000000e+00	0.000000e+00	
51	2.936158e-03	-3.43319e-14	0.000000e+00	0.000000e+00	
52	3.844893e-03	3.433191e-14	0.000000e+00	0.000000e+00	
53	5.662361e-03	-3.43319e-14	0.000000e+00	0.000000e+00	
54	9.297299e-03	3.433191e-14	0.000000e+00	0.000000e+00	

Index   time            a1#branch_1_0   a6#branch_1_0   v1#branch       
--------------------------------------------------------------------------------
55	1.656717e-02	-3.43319e-14	0.000000e+00	0.000000e+00	
56	3.110692e-02	3.433191e-14	0.000000e+00	0.000000e+00	
57	6.018642e-02	-3.43319e-14	0.000000e+00	0.000000e+00	
58	1.183454e-01	3.433191e-14	0.000000e+00	0.000000e+00	
59	2.183454e-01	-3.43319e-14	0.000000e+00	0.000000e+00	
60	3.183454e-01	3.433191e-14	0.000000e+00	0.000000e+00	
61	4.183454e-01	-3.43319e-14	0.000000e+00	0.000000e+00	
62	5.020000e-01	3.433191e-14	0.000000e+00	0.000000e+00	
63	5.021000e-01	1.367399e-21	0.000000e+00	0.000000e+00	
64	5.023000e-01	-1.36729e-21	0.000000e+00	0.000000e+00	
65	5.027000e-01	1.367358e-21	0.000000e+00	0.000000e+00	
66	5.030000e-01	-1.36734e-21	0.000000e+00	0.000000e+00	
67	5.030000e-01	-2.23929e-22	0.000000e+00	0.000000e+00	
68	5.030000e-01	-2.72929e-05	0.000000e+00	0.000000e+00	
69	5.030000e-01	-2.80085e-05	0.000000e+00	0.000000e+00	
70	5.030000e-01	-2.77482e-05	0.000000e+00	0.000000e+00	
71	5.030000e-01	-3.24256e-05	0.000000e+00	0.000000e+00	
72	5.030000e-01	-4.04471e-05	0.000000e+00	0.000000e+00	
73	5.030000e-01	-5.03827e-05	0.000000e+00	0.000000e+00	
74	5.030000e-01	-6.23924e-05	0.000000e+00	0.000000e+00	
75	5.030000e-01	-6.62175e-05	0.000000e+00	0.000000e+00	
76	5.030000e-01	-4.65435e-05	0.000000e+00	0.000000e+00	
77	5.030000e-01	-2.36276e-05	0.000000e+00	0.000000e+00	
78	5.030000e-01	-4.47574e-05	0.000000e+00	0.000000e+00	
79	5.030000e-01	-2.22035e-05	0.000000e+00	0.000000e+00	
80	5.030000e-01	-4.20663e-05	0.000000e+00	0.000000e+00	
81	5.030000e-01	-1.95038e-05	0.000000e+00	0.000000e+00	
82	5.030000e-01	-3.81643e-05	0.000000e+00	0.000000e+00	
83	5.030000e-01	-1.73905e-05	0.000000e+00	0.000000e+00	
84	5.030000e-01	-1.03420e-06	0.000000e+00	0.000000e+00	
85	5.030000e-01	7.227883e-07	0.000000e+00	0.000000e+00	
86	5.030000e-01	-6.05895e-07	0.000000e+00	0.000000e+00	
87	5.030000e-01	5.469445e-07	0.000000e+00	0.000000e+00	
88	5.030000e-01	-5.19718e-07	0.000000e+00	0.000000e+00	
89	5.030000e-01	5.066064e-07	0.000000e+00	0.000000e+00	
90	5.030000e-01	-5.00178e-07	0.000000e+00	0.000000e+00	
91	5.030000e-01	4.759800e-07	0.000000e+00	0.000000e+00	
92	5.030000e-01	1.967993e-08	0.000000e+00	0.000000e+00	
93	5.030000e-01	5.559789e-09	0.000000e+00	0.000000e+00	
94	5.030000e-01	-2.43667e-09	0.000000e+00	0.000000e+00	
95	5.030000e-01	1.692716e-09	0.000000e+00	0.000000e+00	
96	5.030000e-01	-1.10575e-09	0.000000e+00	0.000000e+00	
97	5.030000e-01	-2.48719e-10	0.000000e+00	0.000000e+00	
98	5.030000e-01	6.463267e-11	0.000000e+00	0.000000e+00	
99	5.030000e-01	-3.67249e-11	0.000000e+00	0.000000e+00	
100	5.030000e-01	1.321910e-11	0.000000e+00	0.000000e+00	
101	5.030000e-01	3.577972e-12	0.000000e+00	0.000000e+00	
102	5.030000e-01	-4.14669e-13	0.000000e+00	0.000000e+00	
103	5.030000e-01	1.496079e-13	0.000000e+00	0.000000e+00	
104	5.030000e-01	-8.44177e-14	0.000000e+00	0.000000e+00	
105	5.030000e-01	6.132008e-14	0.000000e+00	0.000000e+00	
106	5.030000e-01	-4.80631e-14	0.000000e+00	0.000000e+00	
107	5.030000e-01	-1.68326e-14	0.000000e+00	0.000000e+00	
108	5.030000e-01	8.686853e-15	0.000000e+00	0.000000e+00	
109	5.030000e-01	-5.95604e-15	0.000000e+00	0.000000e+00	
110	5.030000e-01	4.831131e-15	0.000000e+00	0.000000e+00	
111	5.030000e-01	-1.28745e-15	0.000000e+00	0.000000e+00	
112	5.030000e-01	-6.40427e-16	0.000000e+00	0.000000e+00	

Index   time            a1#branch_1_0   a6#branch_1_0   v1#branch       
--------------------------------------------------------------------------------
113	5.030000e-01	4.536169e-16	0.000000e+00	0.000000e+00	
114	5.030000e-01	-3.79751e-16	0.000000e+00	0.000000e+00	
115	5.030000e-01	3.090937e-16	0.000000e+00	0.000000e+00	
116	5.030000e-01	7.041266e-17	0.000000e+00	0.000000e+00	
117	5.030000e-01	-4.38234e-17	0.000000e+00	0.000000e+00	
118	5.030000e-01	3.455484e-17	0.000000e+00	0.000000e+00	
119	5.030000e-01	-2.55252e-17	0.000000e+00	0.000000e+00	
120	5.030000e-01	-5.96010e-18	0.000000e+00	0.000000e+00	
121	5.030000e-01	2.793661e-18	0.000000e+00	0.000000e+00	
122	5.030000e-01	-2.29279e-18	0.000000e+00	0.000000e+00	
123	5.030000e-01	1.883353e-18	0.000000e+00	0.000000e+00	
124	5.030000e-01	5.998003e-19	0.000000e+00	0.000000e+00	
125	5.030000e-01	1.152344e-19	0.000000e+00	0.000000e+00	
126	5.030000e-01	7.907057e-20	0.000000e+00	0.000000e+00	
127	5.030000e-01	1.021539e-19	0.000000e+00	0.000000e+00	
128	5.030000e-01	5.112821e-20	0.000000e+00	0.000000e+00	
129	5.030000e-01	-3.68479e-21	0.000000e+00	0.000000e+00	
130	5.030000e-01	2.811262e-19	0.000000e+00	0.000000e+00	
131	5.030000e-01	3.954707e-19	0.000000e+00	0.000000e+00	
132	5.030000e-01	1.197124e-21	0.000000e+00	0.000000e+00	
133	5.030000e-01	2.548672e-19	0.000000e+00	0.000000e+00	
134	5.030000e-01	-7.91814e-20	0.000000e+00	0.000000e+00	
135	5.030000e-01	7.045862e-19	0.000000e+00	0.000000e+00	
136	5.030000e-01	7.104599e-19	0.000000e+00	0.000000e+00	
137	5.030000e-01	4.078444e-19	0.000000e+00	0.000000e+00	
138	5.030000e-01	9.948218e-20	0.000000e+00	0.000000e+00	
139	5.030000e-01	3.441468e-19	0.000000e+00	0.000000e+00	
140	5.030000e-01	-2.85980e-19	0.000000e+00	0.000000e+00	
141	5.030000e-01	8.912520e-20	0.000000e+00	0.000000e+00	
142	5.030000e-01	1.943340e-19	0.000000e+00	0.000000e+00	
143	5.030000e-01	-7.48628e-20	0.000000e+00	0.000000e+00	
144	5.030000e-01	2.209841e-19	0.000000e+00	0.000000e+00	
145	5.030000e-01	-1.36867e-18	0.000000e+00	0.000000e+00	
146	5.030000e-01	-3.17780e-18	0.000000e+00	0.000000e+00	
147	5.030000e-01	-5.14448e-18	0.000000e+00	0.000000e+00	
148	5.030000e-01	-1.60368e-18	0.000000e+00	0.000000e+00	
149	5.030000e-01	-1.38527e-19	0.000000e+00	0.000000e+00	
150	5.030000e-01	2.580617e-19	0.000000e+00	0.000000e+00	
151	5.030000e-01	-1.98812e-19	0.000000e+00	0.000000e+00	
152	5.030000e-01	5.257039e-19	0.000000e+00	0.000000e+00	
153	5.030000e-01	-1.35459e-19	0.000000e+00	0.000000e+00	
154	5.030000e-01	1.981364e-19	0.000000e+00	0.000000e+00	
155	5.030000e-01	1.496451e-19	0.000000e+00	0.000000e+00	
156	5.030000e-01	1.035621e-19	0.000000e+00	0.000000e+00	
157	5.030000e-01	6.693257e-19	0.000000e+00	0.000000e+00	
158	5.030000e-01	7.944271e-19	0.000000e+00	0.000000e+00	
159	5.030000e-01	5.803390e-19	0.000000e+00	0.000000e+00	
160	5.030000e-01	1.413127e-19	0.000000e+00	0.000000e+00	
161	5.030000e-01	-3.02661e-20	0.000000e+00	0.000000e+00	
162	5.030000e-01	1.159539e-19	0.000000e+00	0.000000e+00	
163	5.030000e-01	-3.98437e-20	0.000000e+00	0.000000e+00	
164	5.030000e-01	-1.20377e-19	0.000000e+00	0.000000e+00	
165	5.030000e-01	1.782667e-19	0.000000e+00	0.000000e+00	
166	5.030000e-01	1.024580e-19	0.000000e+00	0.000000e+00	
167	5.030000e-01	-2.02101e-20	0.000000e+00	0.000000e+00	
168	5.030000e-01	-3.54194e-20	0.000000e+00	0.000000e+00	
169	5.030000e-01	2.871852e-20	0.000000e+00	0.000000e+00	
170	5.030000e-01	-3.25647e-20	0.000000e+00	0.000000e+00	

Index   time            a1#branch_1_0   a6#branch_1_0   v1#branch       
--------------------------------------------------------------------------------
171	5.030000e-01	2.877808e-20	0.000000e+00	0.000000e+00	
172	5.030000e-01	-3.14348e-20	0.000000e+00	0.000000e+00	
173	5.030000e-01	3.027631e-20	0.000000e+00	0.000000e+00	
174	5.030001e-01	-3.04639e-20	0.000000e+00	0.000000e+00	
175	5.030001e-01	3.038602e-20	0.000000e+00	0.000000e+00	
176	5.030002e-01	-3.03800e-20	0.000000e+00	0.000000e+00	
177	5.030005e-01	3.036052e-20	0.000000e+00	0.000000e+00	
178	5.030010e-01	-3.03789e-20	0.000000e+00	0.000000e+00	
179	5.030019e-01	3.037730e-20	0.000000e+00	0.000000e+00	
180	5.030038e-01	-3.03819e-20	0.000000e+00	0.000000e+00	
181	5.030076e-01	3.038026e-20	0.000000e+00	0.000000e+00	
182	5.030152e-01	-3.03818e-20	0.000000e+00	0.000000e+00	
183	5.030303e-01	3.038182e-20	0.000000e+00	0.000000e+00	
184	5.030607e-01	-3.03818e-20	0.000000e+00	0.000000e+00	
185	5.031213e-01	3.038190e-20	0.000000e+00	0.000000e+00	
186	5.032426e-01	-3.03819e-20	0.000000e+00	0.000000e+00	
187	5.034853e-01	3.038186e-20	0.000000e+00	0.000000e+00	
188	5.039706e-01	-3.03819e-20	0.000000e+00	0.000000e+00	
189	5.049411e-01	3.038188e-20	0.000000e+00	0.000000e+00	
190	5.068823e-01	-3.03819e-20	0.000000e+00	0.000000e+00	
191	5.107645e-01	3.038189e-20	0.000000e+00	0.000000e+00	
192	5.185291e-01	-3.03819e-20	0.000000e+00	0.000000e+00	
193	5.340581e-01	3.038189e-20	0.000000e+00	0.000000e+00	
194	5.651162e-01	-3.03819e-20	0.000000e+00	0.000000e+00	
195	6.272324e-01	3.038189e-20	0.000000e+00	0.000000e+00	
196	7.272324e-01	-3.03819e-20	0.000000e+00	0.000000e+00	
197	8.272324e-01	3.038189e-20	0.000000e+00	0.000000e+00	
198	9.272324e-01	-3.03819e-20	0.000000e+00	0.000000e+00	
199	1.001000e+00	3.038189e-20	0.000000e+00	0.000000e+00	
200	1.001100e+00	-2.88323e-26	0.000000e+00	0.000000e+00	
201	1.001100e+00	-1.75273e-22	0.000000e+00	0.000000e+00	
202	1.001100e+00	2.709523e-05	0.000000e+00	0.000000e+00	
203	1.001100e+00	2.825071e-05	0.000000e+00	0.000000e+00	
204	1.001100e+00	2.988139e-05	0.000000e+00	0.000000e+00	
205	1.001100e+00	3.542356e-05	0.000000e+00	0.000000e+00	
206	1.001100e+00	4.702261e-05	0.000000e+00	0.000000e+00	
207	1.001100e+00	5.816509e-05	0.000000e+00	0.000000e+00	
208	1.001100e+00	5.422317e-05	0.000000e+00	0.000000e+00	
209	1.001100e+00	2.829837e-05	0.000000e+00	0.000000e+00	
210	1.001100e+00	3.118947e-05	0.000000e+00	0.000000e+00	
211	1.001100e+00	2.665589e-05	0.000000e+00	0.000000e+00	
212	1.001100e+00	2.943242e-05	0.000000e+00	0.000000e+00	
213	1.001100e+00	2.613094e-05	0.000000e+00	0.000000e+00	
214	1.001100e+00	2.961833e-05	0.000000e+00	0.000000e+00	
215	1.001100e+00	1.546027e-06	0.000000e+00	0.000000e+00	
216	1.001100e+00	-7.31131e-07	0.000000e+00	0.000000e+00	
217	1.001100e+00	5.033861e-07	0.000000e+00	0.000000e+00	
218	1.001100e+00	-3.95716e-07	0.000000e+00	0.000000e+00	
219	1.001100e+00	3.483761e-07	0.000000e+00	0.000000e+00	
220	1.001100e+00	-3.26314e-07	0.000000e+00	0.000000e+00	
221	1.001100e+00	3.081382e-07	0.000000e+00	0.000000e+00	
222	1.001100e+00	2.392846e-08	0.000000e+00	0.000000e+00	
223	1.001100e+00	-2.06119e-08	0.000000e+00	0.000000e+00	
224	1.001100e+00	1.881748e-08	0.000000e+00	0.000000e+00	
225	1.001100e+00	3.074373e-09	0.000000e+00	0.000000e+00	
226	1.001100e+00	-2.09379e-09	0.000000e+00	0.000000e+00	
227	1.001100e+00	1.720121e-09	0.000000e+00	0.000000e+00	
228	1.001100e+00	-1.54926e-09	0.000000e+00	0.000000e+00	

Index   time            a1#branch_1_0   a6#branch_1_0   v1#branch       
--------------------------------------------------------------------------------
229	1.001100e+00	4.512554e-10	0.000000e+00	0.000000e+00	
230	1.001100e+00	1.684356e-10	0.000000e+00	0.000000e+00	
231	1.001100e+00	-8.86159e-11	0.000000e+00	0.000000e+00	
232	1.001100e+00	6.310636e-11	0.000000e+00	0.000000e+00	
233	1.001100e+00	-3.77337e-11	0.000000e+00	0.000000e+00	
234	1.001100e+00	-1.38542e-11	0.000000e+00	0.000000e+00	
235	1.001100e+00	7.610437e-12	0.000000e+00	0.000000e+00	
236	1.001100e+00	-5.79661e-12	0.000000e+00	0.000000e+00	
237	1.001100e+00	5.122237e-12	0.000000e+00	0.000000e+00	
238	1.001100e+00	-4.80081e-12	0.000000e+00	0.000000e+00	
239	1.001100e+00	4.661098e-12	0.000000e+00	0.000000e+00	
240	1.001100e+00	-4.58874e-12	0.000000e+00	0.000000e+00	
241	1.001100e+00	4.555414e-12	0.000000e+00	0.000000e+00	
242	1.001100e+00	-4.53779e-12	0.000000e+00	0.000000e+00	
243	1.001100e+00	4.529552e-12	0.000000e+00	0.000000e+00	
244	1.001100e+00	-4.52517e-12	0.000000e+00	0.000000e+00	
245	1.001100e+00	4.523120e-12	0.000000e+00	0.000000e+00	
246	1.001100e+00	-4.52203e-12	0.000000e+00	0.000000e+00	
247	1.001100e+00	4.521515e-12	0.000000e+00	0.000000e+00	
248	1.001100e+00	-4.52124e-12	0.000000e+00	0.000000e+00	
249	1.001101e+00	4.521113e-12	0.000000e+00	0.000000e+00	
250	1.001102e+00	-4.52105e-12	0.000000e+00	0.000000e+00	
251	1.001103e+00	4.521013e-12	0.000000e+00	0.000000e+00	
252	1.001107e+00	-4.52100e-12	0.000000e+00	0.000000e+00	
253	1.001114e+00	4.520988e-12	0.000000e+00	0.000000e+00	
254	1.001128e+00	-4.52098e-12	0.000000e+00	0.000000e+00	
255	1.001156e+00	4.520982e-12	0.000000e+00	0.000000e+00	
256	1.001212e+00	-4.52098e-12	0.000000e+00	0.000000e+00	
257	1.001323e+00	4.520980e-12	0.000000e+00	0.000000e+00	
258	1.001546e+00	-4.52098e-12	0.000000e+00	0.000000e+00	
259	1.001992e+00	4.520980e-12	0.000000e+00	0.000000e+00	
260	1.002000e+00	-4.52097e-12	0.000000e+00	0.000000e+00	
261	1.002016e+00	-9.02152e-19	0.000000e+00	0.000000e+00	
262	1.002047e+00	9.084226e-19	0.000000e+00	0.000000e+00	
263	1.002110e+00	-9.08422e-19	0.000000e+00	0.000000e+00	
264	1.002235e+00	9.084223e-19	0.000000e+00	0.000000e+00	
265	1.002487e+00	-9.08422e-19	0.000000e+00	0.000000e+00	
266	1.002989e+00	9.084222e-19	0.000000e+00	0.000000e+00	
267	1.003994e+00	-9.08422e-19	0.000000e+00	0.000000e+00	
268	1.006003e+00	9.084222e-19	0.000000e+00	0.000000e+00	
269	1.010022e+00	-9.08422e-19	0.000000e+00	0.000000e+00	
270	1.018060e+00	9.084222e-19	0.000000e+00	0.000000e+00	
271	1.034135e+00	-9.08422e-19	0.000000e+00	0.000000e+00	
272	1.066286e+00	9.084222e-19	0.000000e+00	0.000000e+00	
273	1.130588e+00	-9.08422e-19	0.000000e+00	0.000000e+00	
274	1.230588e+00	9.084222e-19	0.000000e+00	0.000000e+00	
275	1.330588e+00	-9.08422e-19	0.000000e+00	0.000000e+00	
276	1.430588e+00	9.084222e-19	0.000000e+00	0.000000e+00	
277	1.502000e+00	-9.08422e-19	0.000000e+00	0.000000e+00	
278	1.502100e+00	-9.82794e-26	0.000000e+00	0.000000e+00	
279	1.502300e+00	1.860639e-25	0.000000e+00	0.000000e+00	
280	1.502700e+00	-1.07301e-25	0.000000e+00	0.000000e+00	
281	1.503000e+00	8.096029e-26	0.000000e+00	0.000000e+00	
282	1.503080e+00	-6.79193e-26	0.000000e+00	0.000000e+00	
283	1.503080e+00	4.623905e-21	0.000000e+00	0.000000e+00	
284	1.503080e+00	-2.72928e-05	0.000000e+00	0.000000e+00	
285	1.503080e+00	-2.80086e-05	0.000000e+00	0.000000e+00	
286	1.503080e+00	-2.77481e-05	0.000000e+00	0.000000e+00	

Index   time            a1#branch_1_0   a6#branch_1_0   v1#branch       
--------------------------------------------------------------------------------
287	1.503080e+00	-3.24256e-05	0.000000e+00	0.000000e+00	
288	1.503080e+00	-4.04467e-05	0.000000e+00	0.000000e+00	
289	1.503080e+00	-5.03829e-05	0.000000e+00	0.000000e+00	
290	1.503080e+00	-6.23919e-05	0.000000e+00	0.000000e+00	
291	1.503080e+00	-6.62179e-05	0.000000e+00	0.000000e+00	
292	1.503080e+00	-4.65433e-05	0.000000e+00	0.000000e+00	
293	1.503080e+00	-2.36277e-05	0.000000e+00	0.000000e+00	
294	1.503080e+00	-4.47570e-05	0.000000e+00	0.000000e+00	
295	1.503080e+00	-2.22040e-05	0.000000e+00	0.000000e+00	
296	1.503080e+00	-4.20659e-05	0.000000e+00	0.000000e+00	
297	1.503080e+00	-1.95042e-05	0.000000e+00	0.000000e+00	
298	1.503080e+00	-3.81639e-05	0.000000e+00	0.000000e+00	
299	1.503080e+00	-1.73909e-05	0.000000e+00	0.000000e+00	
300	1.503080e+00	-1.03413e-06	0.000000e+00	0.000000e+00	
301	1.503080e+00	7.227384e-07	0.000000e+00	0.000000e+00	
302	1.503080e+00	-6.05849e-07	0.000000e+00	0.000000e+00	
303	1.503080e+00	5.469014e-07	0.000000e+00	0.000000e+00	
304	1.503080e+00	-5.19676e-07	0.000000e+00	0.000000e+00	
305	1.503080e+00	5.065648e-07	0.000000e+00	0.000000e+00	
306	1.503080e+00	-5.00137e-07	0.000000e+00	0.000000e+00	
307	1.503080e+00	4.759351e-07	0.000000e+00	0.000000e+00	
308	1.503080e+00	1.967915e-08	0.000000e+00	0.000000e+00	
309	1.503080e+00	5.559505e-09	0.000000e+00	0.000000e+00	
310	1.503080e+00	-2.43659e-09	0.000000e+00	0.000000e+00	
311	1.503080e+00	1.692665e-09	0.000000e+00	0.000000e+00	
312	1.503080e+00	-1.10573e-09	0.000000e+00	0.000000e+00	
313	1.503080e+00	-2.48712e-10	0.000000e+00	0.000000e+00	
314	1.503080e+00	6.463294e-11	0.000000e+00	0.000000e+00	
315	1.503080e+00	-3.67252e-11	0.000000e+00	0.000000e+00	
316	1.503080e+00	1.322036e-11	0.000000e+00	0.000000e+00	
317	1.503080e+00	3.578604e-12	0.000000e+00	0.000000e+00	
318	1.503080e+00	-4.14790e-13	0.000000e+00	0.000000e+00	
319	1.503080e+00	1.496699e-13	0.000000e+00	0.000000e+00	
320	1.503080e+00	-8.44616e-14	0.000000e+00	0.000000e+00	
321	1.503080e+00	6.135810e-14	0.000000e+00	0.000000e+00	
322	1.503080e+00	-4.80972e-14	0.000000e+00	0.000000e+00	
323	1.503080e+00	-1.68377e-14	0.000000e+00	0.000000e+00	
324	1.503080e+00	8.690139e-15	0.000000e+00	0.000000e+00	
325	1.503080e+00	-5.95877e-15	0.000000e+00	0.000000e+00	
326	1.503080e+00	4.834189e-15	0.000000e+00	0.000000e+00	
327	1.503080e+00	-1.28988e-15	0.000000e+00	0.000000e+00	
328	1.503080e+00	-6.40568e-16	0.000000e+00	0.000000e+00	
329	1.503080e+00	4.541952e-16	0.000000e+00	0.000000e+00	
330	1.503080e+00	-3.80177e-16	0.000000e+00	0.000000e+00	
331	1.503080e+00	3.092616e-16	0.000000e+00	0.000000e+00	
332	1.503080e+00	7.060437e-17	0.000000e+00	0.000000e+00	
333	1.503080e+00	-4.40529e-17	0.000000e+00	0.000000e+00	
334	1.503080e+00	3.460537e-17	0.000000e+00	0.000000e+00	
335	1.503080e+00	-2.54665e-17	0.000000e+00	0.000000e+00	
336	1.503080e+00	-6.27499e-18	0.000000e+00	0.000000e+00	
337	1.503080e+00	3.344747e-18	0.000000e+00	0.000000e+00	
338	1.503080e+00	-2.42537e-18	0.000000e+00	0.000000e+00	
339	1.503080e+00	2.254193e-18	0.000000e+00	0.000000e+00	
340	1.503080e+00	-8.27721e-19	0.000000e+00	0.000000e+00	
341	1.503080e+00	-8.19173e-20	0.000000e+00	0.000000e+00	
342	1.503080e+00	8.301700e-20	0.000000e+00	0.000000e+00	
343	1.503080e+00	4.868631e-20	0.000000e+00	0.000000e+00	
344	1.503080e+00	3.977131e-20	0.000000e+00	0.000000e+00	

Index   time            a1#branch_1_0   a6#branch_1_0   v1#branch       
--------------------------------------------------------------------------------
345	1.503080e+00	-2.31978e-20	0.000000e+00	0.000000e+00	
346	1.503080e+00	-3.18661e-20	0.000000e+00	0.000000e+00	
347	1.503080e+00	1.129805e-18	0.000000e+00	0.000000e+00	
348	1.503080e+00	-4.99084e-19	0.000000e+00	0.000000e+00	
349	1.503080e+00	5.800695e-19	0.000000e+00	0.000000e+00	
350	1.503080e+00	1.323619e-19	0.000000e+00	0.000000e+00	
351	1.503080e+00	3.875448e-20	0.000000e+00	0.000000e+00	
352	1.503080e+00	8.418806e-20	0.000000e+00	0.000000e+00	
353	1.503080e+00	2.343400e-19	0.000000e+00	0.000000e+00	
354	1.503080e+00	-4.00118e-20	0.000000e+00	0.000000e+00	
355	1.503080e+00	4.289043e-20	0.000000e+00	0.000000e+00	
356	1.503080e+00	1.710453e-19	0.000000e+00	0.000000e+00	
357	1.503080e+00	5.518266e-19	0.000000e+00	0.000000e+00	
358	1.503080e+00	3.431984e-19	0.000000e+00	0.000000e+00	
359	1.503080e+00	4.955690e-20	0.000000e+00	0.000000e+00	
360	1.503080e+00	5.146351e-20	0.000000e+00	0.000000e+00	
361	1.503080e+00	1.240200e-18	0.000000e+00	0.000000e+00	
362	1.503080e+00	-3.94270e-19	0.000000e+00	0.000000e+00	
363	1.503080e+00	7.524684e-19	0.000000e+00	0.000000e+00	
364	1.503080e+00	-2.84217e-19	0.000000e+00	0.000000e+00	
365	1.503080e+00	-3.88751e-19	0.000000e+00	0.000000e+00	
366	1.503080e+00	4.814955e-19	0.000000e+00	0.000000e+00	
367	1.503080e+00	-4.31677e-19	0.000000e+00	0.000000e+00	
368	1.503080e+00	3.350797e-19	0.000000e+00	0.000000e+00	
369	1.503080e+00	7.828270e-19	0.000000e+00	0.000000e+00	
370	1.503080e+00	5.188927e-20	0.000000e+00	0.000000e+00	
371	1.503080e+00	3.391773e-20	0.000000e+00	0.000000e+00	
372	1.503080e+00	-2.82614e-19	0.000000e+00	0.000000e+00	
373	1.503080e+00	2.911693e-19	0.000000e+00	0.000000e+00	
374	1.503080e+00	4.688351e-19	0.000000e+00	0.000000e+00	
375	1.503080e+00	4.074436e-19	0.000000e+00	0.000000e+00	
376	1.503080e+00	-3.92773e-19	0.000000e+00	0.000000e+00	
377	1.503080e+00	5.431675e-19	0.000000e+00	0.000000e+00	
378	1.503080e+00	-4.64590e-19	0.000000e+00	0.000000e+00	
379	1.503080e+00	5.258043e-19	0.000000e+00	0.000000e+00	
380	1.503080e+00	1.322889e-19	0.000000e+00	0.000000e+00	
381	1.503080e+00	2.402014e-19	0.000000e+00	0.000000e+00	
382	1.503080e+00	4.016309e-20	0.000000e+00	0.000000e+00	
383	1.503080e+00	5.248925e-20	0.000000e+00	0.000000e+00	
384	1.503080e+00	-2.04091e-20	0.000000e+00	0.000000e+00	
385	1.503080e+00	5.207151e-20	0.000000e+00	0.000000e+00	
386	1.503080e+00	-3.56033e-20	0.000000e+00	0.000000e+00	
387	1.503080e+00	4.394246e-20	0.000000e+00	0.000000e+00	
388	1.503080e+00	-3.93932e-20	0.000000e+00	0.000000e+00	
389	1.503080e+00	4.147896e-20	0.000000e+00	0.000000e+00	
390	1.503080e+00	-4.06062e-20	0.000000e+00	0.000000e+00	
391	1.503080e+00	4.110117e-20	0.000000e+00	0.000000e+00	
392	1.503080e+00	-4.08036e-20	0.000000e+00	0.000000e+00	
393	1.503080e+00	4.094053e-20	0.000000e+00	0.000000e+00	
394	1.503081e+00	-4.08529e-20	0.000000e+00	0.000000e+00	
395	1.503082e+00	4.087059e-20	0.000000e+00	0.000000e+00	
396	1.503084e+00	-4.08570e-20	0.000000e+00	0.000000e+00	
397	1.503088e+00	4.086469e-20	0.000000e+00	0.000000e+00	
398	1.503095e+00	-4.08621e-20	0.000000e+00	0.000000e+00	
399	1.503110e+00	4.086373e-20	0.000000e+00	0.000000e+00	
400	1.503141e+00	-4.08630e-20	0.000000e+00	0.000000e+00	
401	1.503201e+00	4.086326e-20	0.000000e+00	0.000000e+00	
402	1.503323e+00	-4.08629e-20	0.000000e+00	0.000000e+00	

Index   time            a1#branch_1_0   a6#branch_1_0   v1#branch       
--------------------------------------------------------------------------------
403	1.503566e+00	4.086308e-20	0.000000e+00	0.000000e+00	
404	1.504051e+00	-4.08630e-20	0.000000e+00	0.000000e+00	
405	1.505023e+00	4.086304e-20	0.000000e+00	0.000000e+00	
406	1.506965e+00	-4.08630e-20	0.000000e+00	0.000000e+00	
407	1.510850e+00	4.086303e-20	0.000000e+00	0.000000e+00	
408	1.518620e+00	-4.08630e-20	0.000000e+00	0.000000e+00	
409	1.534160e+00	4.086302e-20	0.000000e+00	0.000000e+00	
410	1.565240e+00	-4.08630e-20	0.000000e+00	0.000000e+00	
411	1.627400e+00	4.086302e-20	0.000000e+00	0.000000e+00	
412	1.727400e+00	-4.08630e-20	0.000000e+00	0.000000e+00	
413	1.827400e+00	4.086302e-20	0.000000e+00	0.000000e+00	
414	1.927400e+00	-4.08630e-20	0.000000e+00	0.000000e+00	
415	2.001000e+00	4.086302e-20	0.000000e+00	0.000000e+00	
416	2.001100e+00	-6.76040e-26	0.000000e+00	0.000000e+00	
417	2.001100e+00	-1.75273e-22	0.000000e+00	0.000000e+00	
418	2.001100e+00	2.709523e-05	0.000000e+00	0.000000e+00	
419	2.001100e+00	2.825071e-05	0.000000e+00	0.000000e+00	
420	2.001100e+00	2.988139e-05	0.000000e+00	0.000000e+00	
421	2.001100e+00	3.542366e-05	0.000000e+00	0.000000e+00	
422	2.001100e+00	4.702265e-05	0.000000e+00	0.000000e+00	
423	2.001100e+00	5.816521e-05	0.000000e+00	0.000000e+00	
424	2.001100e+00	5.422286e-05	0.000000e+00	0.000000e+00	
425	2.001100e+00	2.829908e-05	0.000000e+00	0.000000e+00	
426	2.001100e+00	3.118904e-05	0.000000e+00	0.000000e+00	
427	2.001100e+00	2.665615e-05	0.000000e+00	0.000000e+00	
428	2.001100e+00	2.943193e-05	0.000000e+00	0.000000e+00	
429	2.001100e+00	2.613147e-05	0.000000e+00	0.000000e+00	
430	2.001100e+00	2.961780e-05	0.000000e+00	0.000000e+00	
431	2.001100e+00	1.546029e-06	0.000000e+00	0.000000e+00	
432	2.001100e+00	-7.31128e-07	0.000000e+00	0.000000e+00	
433	2.001100e+00	5.033818e-07	0.000000e+00	0.000000e+00	
434	2.001100e+00	-3.95712e-07	0.000000e+00	0.000000e+00	
435	2.001100e+00	3.483722e-07	0.000000e+00	0.000000e+00	
436	2.001100e+00	-3.26310e-07	0.000000e+00	0.000000e+00	
437	2.001100e+00	3.081347e-07	0.000000e+00	0.000000e+00	
438	2.001100e+00	2.392844e-08	0.000000e+00	0.000000e+00	
439	2.001100e+00	-2.06119e-08	0.000000e+00	0.000000e+00	
440	2.001100e+00	1.881745e-08	0.000000e+00	0.000000e+00	
441	2.001100e+00	3.074389e-09	0.000000e+00	0.000000e+00	
442	2.001100e+00	-2.09379e-09	0.000000e+00	0.000000e+00	
443	2.001100e+00	1.720121e-09	0.000000e+00	0.000000e+00	
444	2.001100e+00	-1.54926e-09	0.000000e+00	0.000000e+00	
445	2.001100e+00	4.513701e-10	0.000000e+00	0.000000e+00	
446	2.001100e+00	1.684578e-10	0.000000e+00	0.000000e+00	
447	2.001100e+00	-8.86277e-11	0.000000e+00	0.000000e+00	
448	2.001100e+00	6.311487e-11	0.000000e+00	0.000000e+00	
449	2.001100e+00	-3.77390e-11	0.000000e+00	0.000000e+00	
450	2.001100e+00	-1.38559e-11	0.000000e+00	0.000000e+00	
451	2.001100e+00	7.611400e-12	0.000000e+00	0.000000e+00	
452	2.001100e+00	-5.79734e-12	0.000000e+00	0.000000e+00	
453	2.001100e+00	5.122877e-12	0.000000e+00	0.000000e+00	
454	2.001100e+00	-4.80141e-12	0.000000e+00	0.000000e+00	
455	2.001100e+00	4.661679e-12	0.000000e+00	0.000000e+00	
456	2.001100e+00	-4.58931e-12	0.000000e+00	0.000000e+00	
457	2.001100e+00	4.555981e-12	0.000000e+00	0.000000e+00	
458	2.001100e+00	-4.53835e-12	0.000000e+00	0.000000e+00	
459	2.001100e+00	4.530115e-12	0.000000e+00	0.000000e+00	
460	2.001100e+00	-4.52574e-12	0.000000e+00	0.000000e+00	

Index   time            a1#branch_1_0   a6#branch_1_0   v1#branch       
--------------------------------------------------------------------------------
461	2.001100e+00	4.523683e-12	0.000000e+00	0.000000e+00	
462	2.001100e+00	-4.52259e-12	0.000000e+00	0.000000e+00	
463	2.001100e+00	4.522077e-12	0.000000e+00	0.000000e+00	
464	2.001100e+00	-4.52180e-12	0.000000e+00	0.000000e+00	
465	2.001101e+00	4.521676e-12	0.000000e+00	0.000000e+00	
466	2.001102e+00	-4.52161e-12	0.000000e+00	0.000000e+00	
467	2.001103e+00	4.521576e-12	0.000000e+00	0.000000e+00	
468	2.001107e+00	-4.52156e-12	0.000000e+00	0.000000e+00	
469	2.001114e+00	4.521551e-12	0.000000e+00	0.000000e+00	
470	2.001128e+00	-4.52155e-12	0.000000e+00	0.000000e+00	
471	2.001156e+00	4.521544e-12	0.000000e+00	0.000000e+00	
472	2.001212e+00	-4.52154e-12	0.000000e+00	0.000000e+00	
473	2.001323e+00	4.521543e-12	0.000000e+00	0.000000e+00	
474	2.001546e+00	-4.52154e-12	0.000000e+00	0.000000e+00	
475	2.001992e+00	4.521542e-12	0.000000e+00	0.000000e+00	
476	2.002000e+00	-4.52154e-12	0.000000e+00	0.000000e+00	
477	2.002016e+00	-9.01994e-19	0.000000e+00	0.000000e+00	
478	2.002047e+00	9.082630e-19	0.000000e+00	0.000000e+00	
479	2.002110e+00	-9.08263e-19	0.000000e+00	0.000000e+00	
480	2.002236e+00	9.082629e-19	0.000000e+00	0.000000e+00	
481	2.002487e+00	-9.08263e-19	0.000000e+00	0.000000e+00	
482	2.002989e+00	9.082627e-19	0.000000e+00	0.000000e+00	
483	2.003994e+00	-9.08263e-19	0.000000e+00	0.000000e+00	
484	2.006004e+00	9.082627e-19	0.000000e+00	0.000000e+00	
485	2.010024e+00	-9.08263e-19	0.000000e+00	0.000000e+00	
486	2.018065e+00	9.082627e-19	0.000000e+00	0.000000e+00	
487	2.034145e+00	-9.08263e-19	0.000000e+00	0.000000e+00	
488	2.066306e+00	9.082627e-19	0.000000e+00	0.000000e+00	
489	2.130627e+00	-9.08263e-19	0.000000e+00	0.000000e+00	
490	2.230627e+00	9.082627e-19	0.000000e+00	0.000000e+00	
491	2.330627e+00	-9.08263e-19	0.000000e+00	0.000000e+00	
492	2.430627e+00	9.082627e-19	0.000000e+00	0.000000e+00	
493	2.502000e+00	-9.08263e-19	0.000000e+00	0.000000e+00	
494	2.502100e+00	-1.49772e-20	0.000000e+00	0.000000e+00	
495	2.502300e+00	6.202366e-21	0.000000e+00	0.000000e+00	
496	2.502700e+00	-3.84597e-18	0.000000e+00	0.000000e+00	
497	2.503000e+00	6.049900e-14	0.000000e+00	0.000000e+00	
498	2.503068e+00	3.855835e-14	0.000000e+00	0.000000e+00	
499	2.503068e+00	3.873458e-14	0.000000e+00	0.000000e+00	
500	2.503068e+00	-2.65264e-05	0.000000e+00	0.000000e+00	
501	2.503068e+00	-2.70081e-05	0.000000e+00	0.000000e+00	
502	2.503068e+00	-2.57448e-05	0.000000e+00	0.000000e+00	
503	2.503068e+00	-2.25025e-05	0.000000e+00	0.000000e+00	
504	2.503068e+00	-1.43304e-05	0.000000e+00	0.000000e+00	
505	2.503068e+00	-1.60868e-05	0.000000e+00	0.000000e+00	
506	2.503068e+00	7.612052e-07	0.000000e+00	0.000000e+00	
507	2.503068e+00	4.035005e-07	0.000000e+00	0.000000e+00	
508	2.503068e+00	1.744123e-07	0.000000e+00	0.000000e+00	
509	2.503068e+00	8.022086e-08	0.000000e+00	0.000000e+00	
510	2.503068e+00	3.306466e-08	0.000000e+00	0.000000e+00	
511	2.503068e+00	2.148386e-08	0.000000e+00	0.000000e+00	
512	2.503068e+00	3.825352e-09	0.000000e+00	0.000000e+00	
513	2.503068e+00	7.904473e-09	0.000000e+00	0.000000e+00	
514	2.503068e+00	-2.55889e-09	0.000000e+00	0.000000e+00	
515	2.503068e+00	5.060281e-09	0.000000e+00	0.000000e+00	
516	2.503068e+00	-3.89562e-09	0.000000e+00	0.000000e+00	
517	2.503068e+00	4.446460e-09	0.000000e+00	0.000000e+00	
518	2.503068e+00	-4.18701e-09	0.000000e+00	0.000000e+00	

Index   time            a1#branch_1_0   a6#branch_1_0   v1#branch       
--------------------------------------------------------------------------------
519	2.503068e+00	4.311785e-09	0.000000e+00	0.000000e+00	
520	2.503068e+00	-4.25135e-09	0.000000e+00	0.000000e+00	
521	2.503069e+00	4.281298e-09	0.000000e+00	0.000000e+00	
522	2.503069e+00	-4.26572e-09	0.000000e+00	0.000000e+00	
523	2.503070e+00	4.274784e-09	0.000000e+00	0.000000e+00	
524	2.503072e+00	-4.26915e-09	0.000000e+00	0.000000e+00	
525	2.503076e+00	4.273091e-09	0.000000e+00	0.000000e+00	
526	2.503084e+00	-4.26986e-09	0.000000e+00	0.000000e+00	
527	2.503100e+00	4.272721e-09	0.000000e+00	0.000000e+00	
528	2.503132e+00	-4.27018e-09	0.000000e+00	0.000000e+00	
529	2.503196e+00	4.272305e-09	0.000000e+00	0.000000e+00	
530	2.503324e+00	-4.27076e-09	0.000000e+00	0.000000e+00	
531	2.503580e+00	4.271625e-09	0.000000e+00	0.000000e+00	
532	2.504092e+00	-4.27132e-09	0.000000e+00	0.000000e+00	
533	2.505115e+00	4.271358e-09	0.000000e+00	0.000000e+00	
534	2.507162e+00	-4.27136e-09	0.000000e+00	0.000000e+00	
535	2.511256e+00	4.271359e-09	0.000000e+00	0.000000e+00	
536	2.519444e+00	-4.27136e-09	0.000000e+00	0.000000e+00	
537	2.535819e+00	4.271360e-09	0.000000e+00	0.000000e+00	
538	2.568570e+00	-4.27136e-09	0.000000e+00	0.000000e+00	
539	2.634072e+00	4.271360e-09	0.000000e+00	0.000000e+00	
540	2.734072e+00	-4.27136e-09	0.000000e+00	0.000000e+00	
541	2.834072e+00	4.271360e-09	0.000000e+00	0.000000e+00	
542	2.934072e+00	-4.27136e-09	0.000000e+00	0.000000e+00	
543	3.001000e+00	4.271361e-09	0.000000e+00	0.000000e+00	
544	3.001100e+00	-1.99007e-15	0.000000e+00	0.000000e+00	
545	3.001100e+00	-2.03886e-15	0.000000e+00	0.000000e+00	
546	3.001100e+00	1.513798e-05	0.000000e+00	0.000000e+00	
547	3.001100e+00	1.502502e-05	0.000000e+00	0.000000e+00	
548	3.001100e+00	1.739138e-05	0.000000e+00	0.000000e+00	
549	3.001100e+00	2.886035e-05	0.000000e+00	0.000000e+00	
550	3.001100e+00	2.823759e-05	0.000000e+00	0.000000e+00	
551	3.001100e+00	2.405751e-05	0.000000e+00	0.000000e+00	
552	3.001100e+00	2.863612e-05	0.000000e+00	0.000000e+00	
553	3.001100e+00	2.509369e-05	0.000000e+00	0.000000e+00	
554	3.001100e+00	1.303815e-06	0.000000e+00	0.000000e+00	
555	3.001100e+00	-6.66507e-07	0.000000e+00	0.000000e+00	
556	3.001100e+00	4.767788e-07	0.000000e+00	0.000000e+00	
557	3.001100e+00	-3.85368e-07	0.000000e+00	0.000000e+00	
558	3.001100e+00	3.470164e-07	0.000000e+00	0.000000e+00	
559	3.001100e+00	-3.28043e-07	0.000000e+00	0.000000e+00	
560	3.001100e+00	3.193970e-07	0.000000e+00	0.000000e+00	
561	3.001100e+00	-3.14906e-07	0.000000e+00	0.000000e+00	
562	3.001100e+00	3.127996e-07	0.000000e+00	0.000000e+00	
563	3.001100e+00	-3.11693e-07	0.000000e+00	0.000000e+00	
564	3.001100e+00	3.111687e-07	0.000000e+00	0.000000e+00	
565	3.001100e+00	-3.10894e-07	0.000000e+00	0.000000e+00	
566	3.001100e+00	3.107621e-07	0.000000e+00	0.000000e+00	
567	3.001100e+00	-3.10694e-07	0.000000e+00	0.000000e+00	
568	3.001100e+00	3.106606e-07	0.000000e+00	0.000000e+00	
569	3.001101e+00	-3.10645e-07	0.000000e+00	0.000000e+00	
570	3.001102e+00	3.106352e-07	0.000000e+00	0.000000e+00	
571	3.001103e+00	-3.10632e-07	0.000000e+00	0.000000e+00	
572	3.001106e+00	3.106288e-07	0.000000e+00	0.000000e+00	
573	3.001113e+00	-3.10629e-07	0.000000e+00	0.000000e+00	
574	3.001125e+00	3.106273e-07	0.000000e+00	0.000000e+00	
575	3.001150e+00	-3.10628e-07	0.000000e+00	0.000000e+00	
576	3.001200e+00	3.106269e-07	0.000000e+00	0.000000e+00	

Index   time            a1#branch_1_0   a6#branch_1_0   v1#branch       
--------------------------------------------------------------------------------
577	3.001300e+00	-3.10628e-07	0.000000e+00	0.000000e+00	
578	3.001501e+00	3.106269e-07	0.000000e+00	0.000000e+00	
579	3.001902e+00	-3.10628e-07	0.000000e+00	0.000000e+00	
580	3.002000e+00	3.106269e-07	0.000000e+00	0.000000e+00	
581	3.002080e+00	-3.75803e-13	0.000000e+00	0.000000e+00	
582	3.002241e+00	-3.90211e-13	0.000000e+00	0.000000e+00	
583	3.002561e+00	-3.04840e-13	0.000000e+00	0.000000e+00	
584	3.003203e+00	-2.71443e-13	0.000000e+00	0.000000e+00	
585	3.004485e+00	-1.32995e-13	0.000000e+00	0.000000e+00	
586	3.007051e+00	-7.64444e-14	0.000000e+00	0.000000e+00	
587	3.012182e+00	3.166121e-14	0.000000e+00	0.000000e+00	
588	3.022443e+00	-2.75255e-14	0.000000e+00	0.000000e+00	
589	3.042967e+00	2.598671e-14	0.000000e+00	0.000000e+00	
590	3.084014e+00	-2.53479e-14	0.000000e+00	0.000000e+00	
591	3.166107e+00	2.505127e-14	0.000000e+00	0.000000e+00	
592	3.266107e+00	-2.48203e-14	0.000000e+00	0.000000e+00	
593	3.366107e+00	2.459853e-14	0.000000e+00	0.000000e+00	
594	3.466107e+00	-2.43871e-14	0.000000e+00	0.000000e+00	
595	3.502000e+00	2.384064e-14	0.000000e+00	0.000000e+00	
596	3.502100e+00	3.796708e-15	0.000000e+00	0.000000e+00	
597	3.502300e+00	3.133914e-15	0.000000e+00	0.000000e+00	
598	3.502700e+00	2.135571e-15	0.000000e+00	0.000000e+00	
599	3.503000e+00	1.609856e-15	0.000000e+00	0.000000e+00	
600	3.503080e+00	1.498034e-15	0.000000e+00	0.000000e+00	
601	3.503080e+00	1.498079e-15	0.000000e+00	0.000000e+00	
602	3.503080e+00	-2.65171e-05	0.000000e+00	0.000000e+00	
603	3.503080e+00	-2.69946e-05	0.000000e+00	0.000000e+00	
604	3.503080e+00	-2.56984e-05	0.000000e+00	0.000000e+00	
605	3.503080e+00	-2.25730e-05	0.000000e+00	0.000000e+00	
606	3.503080e+00	-1.43915e-05	0.000000e+00	0.000000e+00	
607	3.503080e+00	-1.59857e-05	0.000000e+00	0.000000e+00	
608	3.503080e+00	7.483947e-07	0.000000e+00	0.000000e+00	
609	3.503080e+00	3.972137e-07	0.000000e+00	0.000000e+00	
610	3.503080e+00	1.717308e-07	0.000000e+00	0.000000e+00	
611	3.503080e+00	7.914000e-08	0.000000e+00	0.000000e+00	
612	3.503080e+00	3.246006e-08	0.000000e+00	0.000000e+00	
613	3.503080e+00	2.123805e-08	0.000000e+00	0.000000e+00	
614	3.503080e+00	3.679740e-09	0.000000e+00	0.000000e+00	
615	3.503080e+00	7.865596e-09	0.000000e+00	0.000000e+00	
616	3.503080e+00	-2.60384e-09	0.000000e+00	0.000000e+00	
617	3.503080e+00	5.066678e-09	0.000000e+00	0.000000e+00	
618	3.503080e+00	-3.91974e-09	0.000000e+00	0.000000e+00	
619	3.503080e+00	4.462279e-09	0.000000e+00	0.000000e+00	
620	3.503080e+00	-4.20669e-09	0.000000e+00	0.000000e+00	
621	3.503080e+00	4.329644e-09	0.000000e+00	0.000000e+00	
622	3.503080e+00	-4.27008e-09	0.000000e+00	0.000000e+00	
623	3.503081e+00	4.299604e-09	0.000000e+00	0.000000e+00	
624	3.503081e+00	-4.28424e-09	0.000000e+00	0.000000e+00	
625	3.503082e+00	4.293186e-09	0.000000e+00	0.000000e+00	
626	3.503084e+00	-4.28761e-09	0.000000e+00	0.000000e+00	
627	3.503088e+00	4.291517e-09	0.000000e+00	0.000000e+00	
628	3.503096e+00	-4.28831e-09	0.000000e+00	0.000000e+00	
629	3.503113e+00	4.291150e-09	0.000000e+00	0.000000e+00	
630	3.503145e+00	-4.28864e-09	0.000000e+00	0.000000e+00	
631	3.503210e+00	4.290737e-09	0.000000e+00	0.000000e+00	
632	3.503339e+00	-4.28921e-09	0.000000e+00	0.000000e+00	
633	3.503599e+00	4.290061e-09	0.000000e+00	0.000000e+00	
634	3.504117e+00	-4.28977e-09	0.000000e+00	0.000000e+00	

Index   time            a1#branch_1_0   a6#branch_1_0   v1#branch       
--------------------------------------------------------------------------------
635	3.505154e+00	4.289802e-09	0.000000e+00	0.000000e+00	
636	3.507227e+00	-4.28980e-09	0.000000e+00	0.000000e+00	
637	3.511374e+00	4.289803e-09	0.000000e+00	0.000000e+00	
638	3.519668e+00	-4.28980e-09	0.000000e+00	0.000000e+00	
639	3.536256e+00	4.289804e-09	0.000000e+00	0.000000e+00	
640	3.569433e+00	-4.28980e-09	0.000000e+00	0.000000e+00	
641	3.635785e+00	4.289804e-09	0.000000e+00	0.000000e+00	
642	3.735785e+00	-4.28980e-09	0.000000e+00	0.000000e+00	
643	3.835785e+00	4.289804e-09	0.000000e+00	0.000000e+00	
644	3.935785e+00	-4.28980e-09	0.000000e+00	0.000000e+00	
645	4.001000e+00	4.289804e-09	0.000000e+00	0.000000e+00	
646	4.001100e+00	-1.96873e-15	0.000000e+00	0.000000e+00	
647	4.001100e+00	-2.01686e-15	0.000000e+00	0.000000e+00	
648	4.001100e+00	1.513811e-05	0.000000e+00	0.000000e+00	
649	4.001100e+00	1.502489e-05	0.000000e+00	0.000000e+00	
650	4.001100e+00	1.739153e-05	0.000000e+00	0.000000e+00	
651	4.001100e+00	2.886034e-05	0.000000e+00	0.000000e+00	
652	4.001100e+00	2.823773e-05	0.000000e+00	0.000000e+00	
653	4.001100e+00	2.405736e-05	0.000000e+00	0.000000e+00	
654	4.001100e+00	2.863629e-05	0.000000e+00	0.000000e+00	
655	4.001100e+00	2.509350e-05	0.000000e+00	0.000000e+00	
656	4.001100e+00	1.303804e-06	0.000000e+00	0.000000e+00	
657	4.001100e+00	-6.66519e-07	0.000000e+00	0.000000e+00	
658	4.001100e+00	4.767928e-07	0.000000e+00	0.000000e+00	
659	4.001100e+00	-3.85380e-07	0.000000e+00	0.000000e+00	
660	4.001100e+00	3.470279e-07	0.000000e+00	0.000000e+00	
661	4.001100e+00	-3.28054e-07	0.000000e+00	0.000000e+00	
662	4.001100e+00	3.194080e-07	0.000000e+00	0.000000e+00	
663	4.001100e+00	-3.14917e-07	0.000000e+00	0.000000e+00	
664	4.001100e+00	3.128104e-07	0.000000e+00	0.000000e+00	
665	4.001100e+00	-3.11704e-07	0.000000e+00	0.000000e+00	
666	4.001100e+00	3.111795e-07	0.000000e+00	0.000000e+00	
667	4.001100e+00	-3.10905e-07	0.000000e+00	0.000000e+00	
668	4.001100e+00	3.107729e-07	0.000000e+00	0.000000e+00	
669	4.001100e+00	-3.10705e-07	0.000000e+00	0.000000e+00	
670	4.001100e+00	3.106714e-07	0.000000e+00	0.000000e+00	
671	4.001101e+00	-3.10655e-07	0.000000e+00	0.000000e+00	
672	4.001102e+00	3.106460e-07	0.000000e+00	0.000000e+00	
673	4.001103e+00	-3.10643e-07	0.000000e+00	0.000000e+00	
674	4.001106e+00	3.106396e-07	0.000000e+00	0.000000e+00	
675	4.001113e+00	-3.10640e-07	0.000000e+00	0.000000e+00	
676	4.001125e+00	3.106381e-07	0.000000e+00	0.000000e+00	
677	4.001150e+00	-3.10639e-07	0.000000e+00	0.000000e+00	
678	4.001200e+00	3.106377e-07	0.000000e+00	0.000000e+00	
679	4.001300e+00	-3.10639e-07	0.000000e+00	0.000000e+00	
680	4.001501e+00	3.106376e-07	0.000000e+00	0.000000e+00	
681	4.001902e+00	-3.10639e-07	0.000000e+00	0.000000e+00	
682	4.002000e+00	3.106377e-07	0.000000e+00	0.000000e+00	
683	4.002080e+00	-3.75803e-13	0.000000e+00	0.000000e+00	
684	4.002241e+00	-3.90211e-13	0.000000e+00	0.000000e+00	
685	4.002561e+00	-3.04839e-13	0.000000e+00	0.000000e+00	
686	4.003203e+00	-2.71442e-13	0.000000e+00	0.000000e+00	
687	4.004485e+00	-1.32992e-13	0.000000e+00	0.000000e+00	
688	4.007051e+00	-7.64431e-14	0.000000e+00	0.000000e+00	
689	4.012182e+00	3.166212e-14	0.000000e+00	0.000000e+00	
690	4.022444e+00	-2.75263e-14	0.000000e+00	0.000000e+00	
691	4.042967e+00	2.598745e-14	0.000000e+00	0.000000e+00	
692	4.084015e+00	-2.53486e-14	0.000000e+00	0.000000e+00	

Index   time            a1#branch_1_0   a6#branch_1_0   v1#branch       
--------------------------------------------------------------------------------
693	4.166109e+00	2.505197e-14	0.000000e+00	0.000000e+00	
694	4.266109e+00	-2.48210e-14	0.000000e+00	0.000000e+00	
695	4.366109e+00	2.459922e-14	0.000000e+00	0.000000e+00	
696	4.466109e+00	-2.43878e-14	0.000000e+00	0.000000e+00	
697	4.502000e+00	2.384125e-14	0.000000e+00	0.000000e+00	
698	4.502100e+00	3.796871e-15	0.000000e+00	0.000000e+00	
699	4.502300e+00	3.134047e-15	0.000000e+00	0.000000e+00	
700	4.502700e+00	2.135660e-15	0.000000e+00	0.000000e+00	
701	4.503000e+00	1.609923e-15	0.000000e+00	0.000000e+00	
702	4.503000e+00	1.609783e-15	0.000000e+00	0.000000e+00	
703	4.503000e+00	-2.65173e-05	0.000000e+00	0.000000e+00	
704	4.503000e+00	-2.69944e-05	0.000000e+00	0.000000e+00	
705	4.503000e+00	-2.56986e-05	0.000000e+00	0.000000e+00	
706	4.503000e+00	-2.25723e-05	0.000000e+00	0.000000e+00	
707	4.503000e+00	-1.43910e-05	0.000000e+00	0.000000e+00	
708	4.503000e+00	-1.59862e-05	0.000000e+00	0.000000e+00	
709	4.503000e+00	7.484366e-07	0.000000e+00	0.000000e+00	
710	4.503000e+00	3.972296e-07	0.000000e+00	0.000000e+00	
711	4.503000e+00	1.717391e-07	0.000000e+00	0.000000e+00	
712	4.503000e+00	7.914091e-08	0.000000e+00	0.000000e+00	
713	4.503000e+00	3.246328e-08	0.000000e+00	0.000000e+00	
714	4.503000e+00	2.123705e-08	0.000000e+00	0.000000e+00	
715	4.503000e+00	3.681742e-09	0.000000e+00	0.000000e+00	
716	4.503000e+00	7.864077e-09	0.000000e+00	0.000000e+00	
717	4.503000e+00	-2.60210e-09	0.000000e+00	0.000000e+00	
718	4.503000e+00	5.065039e-09	0.000000e+00	0.000000e+00	
719	4.503000e+00	-3.91805e-09	0.000000e+00	0.000000e+00	
720	4.503000e+00	4.460616e-09	0.000000e+00	0.000000e+00	
721	4.503000e+00	-4.20502e-09	0.000000e+00	0.000000e+00	
722	4.503000e+00	4.327975e-09	0.000000e+00	0.000000e+00	
723	4.503000e+00	-4.26841e-09	0.000000e+00	0.000000e+00	
724	4.503001e+00	4.297934e-09	0.000000e+00	0.000000e+00	
725	4.503001e+00	-4.28257e-09	0.000000e+00	0.000000e+00	
726	4.503002e+00	4.291516e-09	0.000000e+00	0.000000e+00	
727	4.503004e+00	-4.28594e-09	0.000000e+00	0.000000e+00	
728	4.503008e+00	4.289847e-09	0.000000e+00	0.000000e+00	
729	4.503016e+00	-4.28665e-09	0.000000e+00	0.000000e+00	
730	4.503033e+00	4.289480e-09	0.000000e+00	0.000000e+00	
731	4.503065e+00	-4.28697e-09	0.000000e+00	0.000000e+00	
732	4.503130e+00	4.289067e-09	0.000000e+00	0.000000e+00	
733	4.503259e+00	-4.28754e-09	0.000000e+00	0.000000e+00	
734	4.503518e+00	4.288391e-09	0.000000e+00	0.000000e+00	
735	4.504037e+00	-4.28810e-09	0.000000e+00	0.000000e+00	
736	4.505074e+00	4.288132e-09	0.000000e+00	0.000000e+00	
737	4.507147e+00	-4.28813e-09	0.000000e+00	0.000000e+00	
738	4.511294e+00	4.288133e-09	0.000000e+00	0.000000e+00	
739	4.519588e+00	-4.28813e-09	0.000000e+00	0.000000e+00	
740	4.536175e+00	4.288134e-09	0.000000e+00	0.000000e+00	
741	4.569351e+00	-4.28813e-09	0.000000e+00	0.000000e+00	
742	4.635701e+00	4.288134e-09	0.000000e+00	0.000000e+00	
743	4.735701e+00	-4.28813e-09	0.000000e+00	0.000000e+00	
744	4.835701e+00	4.288134e-09	0.000000e+00	0.000000e+00	
745	4.935701e+00	-4.28813e-09	0.000000e+00	0.000000e+00	
746	5.000000e+00	4.288134e-09	0.000000e+00	0.000000e+00	

               * /home/santhosh.ldc20/esim-workspace/dff/dff.cir
               Transient Analysis  Sat Oct  8 21:47:25  2022
--------------------------------------------------------------------------------
Index   time            v2#branch       v3#branch       
--------------------------------------------------------------------------------
0	0.000000e+00	0.000000e+00	-4.79130e-12	
1	1.000000e-05	1.201391e-19	-4.79128e-12	
2	2.000000e-05	9.478389e-20	-4.79128e-12	
3	4.000000e-05	5.484218e-20	-4.79128e-12	
4	8.000000e-05	1.691018e-20	-4.79128e-12	
5	1.600000e-04	-1.21492e-24	-4.79133e-12	
6	3.200000e-04	6.296719e-22	-4.79128e-12	
7	6.400000e-04	2.967834e-23	-4.79127e-12	
8	1.000000e-03	1.550899e-22	-4.79130e-12	
9	1.064000e-03	-1.13009e-11	-5.55655e-12	
10	1.064002e-03	-1.09706e-11	-5.64041e-12	
11	1.064002e-03	-1.07592e-06	-8.23816e-06	
12	1.064002e-03	-1.04714e-06	-7.86805e-06	
13	1.064002e-03	-1.04220e-06	-1.00101e-05	
14	1.064003e-03	-1.01832e-06	-3.44598e-05	
15	1.064003e-03	-1.01837e-06	-2.07047e-05	
16	1.064003e-03	-9.96309e-07	-2.02222e-05	
17	1.064003e-03	-9.99795e-07	-1.99051e-05	
18	1.064003e-03	-9.76081e-07	-2.07498e-05	
19	1.064003e-03	3.009165e-09	-1.90539e-06	
20	1.064003e-03	-3.03420e-09	9.768621e-07	
21	1.064003e-03	3.005172e-09	-6.93028e-07	
22	1.064003e-03	-3.02400e-09	5.554488e-07	
23	1.064003e-03	2.997806e-09	-4.96627e-07	
24	1.064004e-03	-3.01994e-09	4.679832e-07	
25	1.064005e-03	2.995691e-09	-4.54657e-07	
26	1.064006e-03	-3.01886e-09	4.478592e-07	
27	1.064009e-03	2.995147e-09	-4.44612e-07	
28	1.064016e-03	-3.01859e-09	4.429321e-07	
29	1.064029e-03	2.995009e-09	-4.42128e-07	
30	1.064054e-03	-3.01852e-09	4.417067e-07	
31	1.064105e-03	2.994968e-09	-4.41509e-07	
32	1.064207e-03	-3.01852e-09	4.414007e-07	
33	1.064412e-03	2.994935e-09	-4.41354e-07	
34	1.064820e-03	-3.01857e-09	4.413242e-07	
35	1.065638e-03	2.994829e-09	-4.41315e-07	
36	1.067272e-03	-3.01878e-09	4.413051e-07	
37	1.070541e-03	2.994335e-09	-4.41306e-07	
38	1.077079e-03	-3.02003e-09	4.413004e-07	
39	1.090155e-03	2.990327e-09	-4.41303e-07	
40	1.116307e-03	-3.03842e-09	4.412992e-07	
41	1.168611e-03	2.976749e-09	-4.41303e-07	
42	1.273219e-03	-2.99995e-09	4.412986e-07	
43	1.383591e-03	2.971263e-09	-4.41303e-07	
44	1.570146e-03	-3.00669e-09	4.412984e-07	
45	1.943255e-03	2.968931e-09	-4.41302e-07	
46	2.000000e-03	-3.00709e-09	4.412982e-07	
47	2.047005e-03	1.230337e-14	-1.98298e-12	
48	2.141016e-03	3.515688e-19	-2.09345e-12	
49	2.254607e-03	-3.51569e-19	-1.98295e-12	
50	2.481791e-03	3.515690e-19	-2.09353e-12	
51	2.936158e-03	-3.51569e-19	-1.98287e-12	
52	3.844893e-03	3.515691e-19	-2.09352e-12	
53	5.662361e-03	-3.51569e-19	-1.98291e-12	
54	9.297299e-03	3.515692e-19	-2.09350e-12	

Index   time            v2#branch       v3#branch       
--------------------------------------------------------------------------------
55	1.656717e-02	-3.51569e-19	-1.98295e-12	
56	3.110692e-02	3.515692e-19	-2.09353e-12	
57	6.018642e-02	-3.51569e-19	-1.98293e-12	
58	1.183454e-01	3.515692e-19	-2.09345e-12	
59	2.183454e-01	-3.51569e-19	-1.98293e-12	
60	3.183454e-01	3.515692e-19	-2.09347e-12	
61	4.183454e-01	-3.51569e-19	-1.98293e-12	
62	5.020000e-01	3.515692e-19	-2.09344e-12	
63	5.021000e-01	-3.79541e-26	-2.03823e-12	
64	5.023000e-01	-3.79444e-26	-2.03822e-12	
65	5.027000e-01	-3.13994e-26	-2.03821e-12	
66	5.030000e-01	2.706581e-26	-2.03819e-12	
67	5.030000e-01	-1.66592e-21	-2.03823e-12	
68	5.030000e-01	3.691877e-08	1.919369e-05	
69	5.030000e-01	-3.38283e-08	2.086918e-05	
70	5.030000e-01	4.469315e-08	1.887579e-05	
71	5.030000e-01	2.064754e-07	6.611926e-06	
72	5.030000e-01	8.459268e-07	-4.35617e-05	
73	5.030000e-01	1.035883e-06	-8.54919e-05	
74	5.030000e-01	5.310785e-07	-1.00413e-04	
75	5.030000e-01	-3.69762e-07	-1.03027e-04	
76	5.030000e-01	-4.60796e-06	-6.63947e-05	
77	5.030000e-01	2.776604e-06	-5.20860e-05	
78	5.030000e-01	-2.55671e-06	-2.53751e-05	
79	5.030000e-01	1.077945e-06	-2.13089e-05	
80	5.030000e-01	-1.07157e-06	5.076089e-06	
81	5.030000e-01	7.132895e-07	1.989061e-06	
82	5.030000e-01	-5.90632e-07	1.217403e-05	
83	5.030000e-01	4.815571e-07	2.644096e-06	
84	5.030000e-01	-2.73210e-07	-8.59108e-08	
85	5.030000e-01	1.596972e-07	5.350559e-08	
86	5.030000e-01	-1.18540e-07	-4.34264e-08	
87	5.030000e-01	9.766684e-08	3.595923e-08	
88	5.030000e-01	-8.81314e-08	-3.48279e-08	
89	5.030000e-01	8.353359e-08	3.192753e-08	
90	5.030000e-01	-8.12857e-08	-3.28750e-08	
91	5.030000e-01	7.281542e-08	2.886570e-08	
92	5.030000e-01	6.286264e-09	1.226572e-09	
93	5.030000e-01	1.858258e-09	-2.27016e-10	
94	5.030000e-01	-7.45775e-10	-1.05017e-09	
95	5.030000e-01	4.669822e-10	-6.14204e-10	
96	5.030000e-01	-2.58019e-10	-9.16198e-10	
97	5.030000e-01	-9.06129e-11	-8.21017e-10	
98	5.030000e-01	1.774424e-11	-7.87117e-10	
99	5.030000e-01	-7.32523e-12	-8.00294e-10	
100	5.030000e-01	-6.37315e-13	-7.92443e-10	
101	5.030000e-01	5.883657e-13	-7.94628e-10	
102	5.030000e-01	5.251398e-13	-7.95272e-10	
103	5.030000e-01	-5.58477e-13	-7.94994e-10	
104	5.030000e-01	5.506238e-13	-7.95223e-10	
105	5.030000e-01	-5.43510e-13	-7.95010e-10	
106	5.030000e-01	5.376601e-13	-7.95215e-10	
107	5.030000e-01	1.249149e-14	-7.95119e-10	
108	5.030000e-01	-1.45501e-14	-7.95110e-10	
109	5.030000e-01	1.506394e-14	-7.95117e-10	
110	5.030000e-01	-1.52296e-14	-7.95111e-10	
111	5.030000e-01	1.547229e-14	-7.95117e-10	
112	5.030000e-01	6.976631e-17	-7.95114e-10	

Index   time            v2#branch       v3#branch       
--------------------------------------------------------------------------------
113	5.030000e-01	-1.32022e-16	-7.95114e-10	
114	5.030000e-01	1.551983e-16	-7.95114e-10	
115	5.030000e-01	-1.76933e-16	-7.95114e-10	
116	5.030000e-01	1.951609e-17	-7.95114e-10	
117	5.030000e-01	-8.80345e-18	-7.95114e-10	
118	5.030000e-01	5.023705e-18	-7.95114e-10	
119	5.030000e-01	-1.89642e-18	-7.95114e-10	
120	5.030000e-01	-2.18280e-18	-7.95114e-10	
121	5.030000e-01	1.076774e-18	-7.95114e-10	
122	5.030000e-01	-1.13569e-18	-7.95114e-10	
123	5.030000e-01	8.332542e-19	-7.95114e-10	
124	5.030000e-01	-1.48998e-21	-7.95114e-10	
125	5.030000e-01	-5.35965e-20	-7.95114e-10	
126	5.030000e-01	-6.33445e-20	-7.95114e-10	
127	5.030000e-01	-2.84386e-20	-7.95114e-10	
128	5.030000e-01	-1.48652e-20	-7.95114e-10	
129	5.030000e-01	-8.01301e-21	-7.95114e-10	
130	5.030000e-01	-2.62997e-20	-7.95114e-10	
131	5.030000e-01	-5.98107e-19	-7.95114e-10	
132	5.030000e-01	-1.36270e-19	-7.95114e-10	
133	5.030000e-01	-8.55319e-20	-7.95114e-10	
134	5.030000e-01	7.423849e-22	-7.95114e-10	
135	5.030000e-01	-1.19298e-19	-7.95114e-10	
136	5.030000e-01	-1.31955e-19	-7.95114e-10	
137	5.030000e-01	-6.00709e-20	-7.95114e-10	
138	5.030000e-01	-2.89437e-20	-7.95114e-10	
139	5.030000e-01	-6.44782e-20	-7.95114e-10	
140	5.030000e-01	1.286008e-19	-7.95114e-10	
141	5.030000e-01	-1.27154e-19	-7.95114e-10	
142	5.030000e-01	4.343130e-20	-7.95114e-10	
143	5.030000e-01	-2.64311e-19	-7.95114e-10	
144	5.030000e-01	-1.54840e-19	-7.95114e-10	
145	5.030000e-01	9.532916e-19	-7.95114e-10	
146	5.030000e-01	-1.59249e-18	-7.95114e-10	
147	5.030000e-01	-1.78244e-18	-7.95114e-10	
148	5.030000e-01	-8.10109e-19	-7.95114e-10	
149	5.030000e-01	-4.27064e-19	-7.95114e-10	
150	5.030000e-01	-2.05375e-19	-7.95114e-10	
151	5.030000e-01	-1.04317e-19	-7.95114e-10	
152	5.030000e-01	-2.20968e-20	-7.95114e-10	
153	5.030000e-01	-3.93441e-19	-7.95114e-10	
154	5.030000e-01	-4.10069e-19	-7.95114e-10	
155	5.030000e-01	2.361048e-20	-7.95114e-10	
156	5.030000e-01	-3.81117e-19	-7.95114e-10	
157	5.030000e-01	2.047886e-19	-7.95114e-10	
158	5.030000e-01	-5.95275e-19	-7.95114e-10	
159	5.030000e-01	-3.18075e-19	-7.95114e-10	
160	5.030000e-01	-1.50262e-19	-7.95114e-10	
161	5.030000e-01	-7.30492e-20	-7.95114e-10	
162	5.030000e-01	-3.81539e-20	-7.95114e-10	
163	5.030000e-01	-2.81231e-20	-7.95114e-10	
164	5.030000e-01	-2.58374e-20	-7.95114e-10	
165	5.030000e-01	-4.07147e-20	-7.95114e-10	
166	5.030000e-01	-1.94376e-20	-7.95114e-10	
167	5.030000e-01	1.831981e-20	-7.95114e-10	
168	5.030000e-01	-4.95656e-21	-7.95114e-10	
169	5.030000e-01	4.520565e-21	-7.95114e-10	
170	5.030000e-01	-1.23626e-21	-7.95114e-10	

Index   time            v2#branch       v3#branch       
--------------------------------------------------------------------------------
171	5.030000e-01	1.129548e-21	-7.95114e-10	
172	5.030000e-01	-3.09008e-22	-7.95114e-10	
173	5.030000e-01	2.823962e-22	-7.95114e-10	
174	5.030001e-01	-7.72419e-23	-7.95114e-10	
175	5.030001e-01	7.059645e-23	-7.95114e-10	
176	5.030002e-01	-1.93107e-23	-7.95114e-10	
177	5.030005e-01	1.764873e-23	-7.95114e-10	
178	5.030010e-01	-4.82778e-24	-7.95114e-10	
179	5.030019e-01	4.412171e-24	-7.95114e-10	
180	5.030038e-01	-1.20695e-24	-7.95114e-10	
181	5.030076e-01	1.103043e-24	-7.95114e-10	
182	5.030152e-01	-3.01736e-25	-7.95114e-10	
183	5.030303e-01	2.757610e-25	-7.95114e-10	
184	5.030607e-01	-7.54338e-26	-7.95114e-10	
185	5.031213e-01	6.894029e-26	-7.95114e-10	
186	5.032426e-01	-1.88585e-26	-7.95114e-10	
187	5.034853e-01	1.723509e-26	-7.95114e-10	
188	5.039706e-01	-4.71464e-27	-7.95114e-10	
189	5.049411e-01	4.308762e-27	-7.95114e-10	
190	5.068823e-01	-1.17865e-27	-7.95114e-10	
191	5.107645e-01	1.077191e-27	-7.95114e-10	
192	5.185291e-01	-2.94664e-28	-7.95114e-10	
193	5.340581e-01	2.692978e-28	-7.95114e-10	
194	5.651162e-01	-7.36658e-29	-7.95114e-10	
195	6.272324e-01	6.732439e-29	-7.95114e-10	
196	7.272324e-01	6.716821e-30	-7.95114e-10	
197	8.272324e-01	1.470225e-29	-7.95114e-10	
198	9.272324e-01	1.138554e-29	-7.95114e-10	
199	1.001000e+00	-3.25589e-29	-7.95114e-10	
200	1.001100e+00	-1.32442e-26	-7.95114e-10	
201	1.001100e+00	3.756975e-22	-7.95114e-10	
202	1.001100e+00	-1.69995e-07	-7.52889e-06	
203	1.001100e+00	1.484156e-07	-7.35105e-06	
204	1.001100e+00	-1.31883e-07	-1.17118e-05	
205	1.001100e+00	5.441128e-07	-9.41553e-05	
206	1.001100e+00	-1.32777e-07	-1.73975e-04	
207	1.001100e+00	-6.33043e-07	-1.57070e-04	
208	1.001100e+00	-1.48819e-07	-7.34557e-05	
209	1.001100e+00	-1.92711e-08	-3.04195e-05	
210	1.001100e+00	-1.71312e-07	-2.00930e-05	
211	1.001100e+00	2.707229e-07	-2.40406e-05	
212	1.001100e+00	-3.43802e-07	-1.74395e-05	
213	1.001100e+00	3.847165e-07	-2.34066e-05	
214	1.001100e+00	-4.15300e-07	-1.71252e-05	
215	1.001100e+00	1.427188e-07	-2.35330e-06	
216	1.001100e+00	-1.26288e-07	1.057813e-06	
217	1.001100e+00	1.187893e-07	-6.96444e-07	
218	1.001100e+00	-1.14400e-07	5.261771e-07	
219	1.001100e+00	1.121905e-07	-4.51401e-07	
220	1.001100e+00	-1.11217e-07	4.166969e-07	
221	1.001100e+00	1.100468e-07	-3.87829e-07	
222	1.001100e+00	1.183223e-09	-3.75494e-08	
223	1.001100e+00	-1.15411e-09	3.223795e-08	
224	1.001100e+00	1.135213e-09	-2.93671e-08	
225	1.001100e+00	3.079191e-11	-4.89406e-09	
226	1.001100e+00	-2.89039e-11	3.319748e-09	
227	1.001100e+00	2.791497e-11	-2.72251e-09	
228	1.001100e+00	-2.76154e-11	2.447931e-09	

Index   time            v2#branch       v3#branch       
--------------------------------------------------------------------------------
229	1.001100e+00	2.359564e-11	-6.87554e-10	
230	1.001100e+00	9.912797e-13	-2.71478e-10	
231	1.001100e+00	-8.96929e-13	1.395945e-10	
232	1.001100e+00	8.497864e-13	-1.02590e-10	
233	1.001100e+00	-8.05472e-13	5.812050e-11	
234	1.001100e+00	-5.00322e-14	2.030145e-11	
235	1.001100e+00	4.196544e-14	-1.43852e-11	
236	1.001100e+00	-4.08079e-14	7.423282e-12	
237	1.001100e+00	3.822439e-14	-1.04120e-11	
238	1.001100e+00	-3.77710e-14	5.830019e-12	
239	1.001100e+00	3.715602e-14	-9.68144e-12	
240	1.001100e+00	-3.70472e-14	5.491258e-12	
241	1.001100e+00	3.689532e-14	-9.51406e-12	
242	1.001100e+00	-3.68684e-14	5.409856e-12	
243	1.001100e+00	3.683054e-14	-9.47304e-12	
244	1.001100e+00	-3.68238e-14	5.389741e-12	
245	1.001100e+00	3.681437e-14	-9.46285e-12	
246	1.001100e+00	-3.68127e-14	5.384722e-12	
247	1.001100e+00	3.681033e-14	-9.46032e-12	
248	1.001100e+00	-3.68099e-14	5.383475e-12	
249	1.001101e+00	3.680932e-14	-9.45969e-12	
250	1.001102e+00	-3.68092e-14	5.383138e-12	
251	1.001103e+00	3.680907e-14	-9.45950e-12	
252	1.001107e+00	-3.68090e-14	5.383046e-12	
253	1.001114e+00	3.680900e-14	-9.45948e-12	
254	1.001128e+00	-3.68090e-14	5.383030e-12	
255	1.001156e+00	3.680899e-14	-9.45949e-12	
256	1.001212e+00	-3.68090e-14	5.383027e-12	
257	1.001323e+00	3.680898e-14	-9.45948e-12	
258	1.001546e+00	-3.68090e-14	5.383076e-12	
259	1.001992e+00	3.680898e-14	-9.45946e-12	
260	1.002000e+00	-3.68090e-14	5.383012e-12	
261	1.002016e+00	-2.33593e-21	-2.03822e-12	
262	1.002047e+00	2.335359e-21	-2.03824e-12	
263	1.002110e+00	-2.33563e-21	-2.03817e-12	
264	1.002235e+00	2.335500e-21	-2.03823e-12	
265	1.002487e+00	-2.33557e-21	-2.03822e-12	
266	1.002989e+00	2.335533e-21	-2.03819e-12	
267	1.003994e+00	-2.33555e-21	-2.03822e-12	
268	1.006003e+00	2.335542e-21	-2.03822e-12	
269	1.010022e+00	-2.33555e-21	-2.03820e-12	
270	1.018060e+00	2.335544e-21	-2.03821e-12	
271	1.034135e+00	-2.33554e-21	-2.03822e-12	
272	1.066286e+00	2.335544e-21	-2.03819e-12	
273	1.130588e+00	-2.33554e-21	-2.03819e-12	
274	1.230588e+00	2.335544e-21	-2.03822e-12	
275	1.330588e+00	-2.33554e-21	-2.03820e-12	
276	1.430588e+00	2.335544e-21	-2.03822e-12	
277	1.502000e+00	-2.33554e-21	-2.03820e-12	
278	1.502100e+00	-3.69495e-26	-2.03823e-12	
279	1.502300e+00	-3.69495e-26	-2.03822e-12	
280	1.502700e+00	-5.55004e-27	-2.03821e-12	
281	1.503000e+00	1.216416e-27	-2.03819e-12	
282	1.503080e+00	-2.67998e-26	-2.03820e-12	
283	1.503080e+00	4.449626e-23	-2.03820e-12	
284	1.503080e+00	3.691865e-08	1.919364e-05	
285	1.503080e+00	-3.38280e-08	2.086923e-05	
286	1.503080e+00	4.469270e-08	1.887575e-05	

Index   time            v2#branch       v3#branch       
--------------------------------------------------------------------------------
287	1.503080e+00	2.064716e-07	6.612485e-06	
288	1.503080e+00	8.459142e-07	-4.35612e-05	
289	1.503080e+00	1.035893e-06	-8.54916e-05	
290	1.503080e+00	5.310777e-07	-1.00413e-04	
291	1.503080e+00	-3.69725e-07	-1.03027e-04	
292	1.503080e+00	-4.60797e-06	-6.63948e-05	
293	1.503080e+00	2.776601e-06	-5.20861e-05	
294	1.503080e+00	-2.55670e-06	-2.53753e-05	
295	1.503080e+00	1.077943e-06	-2.13089e-05	
296	1.503080e+00	-1.07157e-06	5.076026e-06	
297	1.503080e+00	7.132933e-07	1.989140e-06	
298	1.503080e+00	-5.90636e-07	1.217396e-05	
299	1.503080e+00	4.815607e-07	2.644164e-06	
300	1.503080e+00	-2.73206e-07	-8.59236e-08	
301	1.503080e+00	1.596987e-07	5.351949e-08	
302	1.503080e+00	-1.18543e-07	-4.34406e-08	
303	1.503080e+00	9.767074e-08	3.597368e-08	
304	1.503080e+00	-8.81356e-08	-3.48424e-08	
305	1.503080e+00	8.353803e-08	3.194209e-08	
306	1.503080e+00	-8.12902e-08	-3.28895e-08	
307	1.503080e+00	7.281866e-08	2.887990e-08	
308	1.503080e+00	6.286016e-09	1.226513e-09	
309	1.503080e+00	1.858162e-09	-2.27045e-10	
310	1.503080e+00	-7.45749e-10	-1.05016e-09	
311	1.503080e+00	4.669697e-10	-6.14209e-10	
312	1.503080e+00	-2.58015e-10	-9.16195e-10	
313	1.503080e+00	-9.06109e-11	-8.21016e-10	
314	1.503080e+00	1.774470e-11	-7.87117e-10	
315	1.503080e+00	-7.32569e-12	-8.00294e-10	
316	1.503080e+00	-6.36710e-13	-7.92443e-10	
317	1.503080e+00	5.886603e-13	-7.94628e-10	
318	1.503080e+00	5.250687e-13	-7.95272e-10	
319	1.503080e+00	-5.58434e-13	-7.94994e-10	
320	1.503080e+00	5.505894e-13	-7.95223e-10	
321	1.503080e+00	-5.43479e-13	-7.95010e-10	
322	1.503080e+00	5.376315e-13	-7.95215e-10	
323	1.503080e+00	1.248869e-14	-7.95119e-10	
324	1.503080e+00	-1.45490e-14	-7.95110e-10	
325	1.503080e+00	1.506285e-14	-7.95117e-10	
326	1.503080e+00	-1.52287e-14	-7.95111e-10	
327	1.503080e+00	1.547188e-14	-7.95117e-10	
328	1.503080e+00	6.938959e-17	-7.95114e-10	
329	1.503080e+00	-1.32021e-16	-7.95114e-10	
330	1.503080e+00	1.551716e-16	-7.95114e-10	
331	1.503080e+00	-1.76813e-16	-7.95114e-10	
332	1.503080e+00	1.988932e-17	-7.95114e-10	
333	1.503080e+00	-8.89124e-18	-7.95114e-10	
334	1.503080e+00	4.986198e-18	-7.95114e-10	
335	1.503080e+00	-1.86881e-18	-7.95114e-10	
336	1.503080e+00	-2.16391e-18	-7.95114e-10	
337	1.503080e+00	1.103370e-18	-7.95114e-10	
338	1.503080e+00	-1.13634e-18	-7.95114e-10	
339	1.503080e+00	8.359259e-19	-7.95114e-10	
340	1.503080e+00	-7.09251e-19	-7.95114e-10	
341	1.503080e+00	9.354180e-20	-7.95114e-10	
342	1.503080e+00	-3.55943e-19	-7.95114e-10	
343	1.503080e+00	-1.75372e-19	-7.95114e-10	
344	1.503080e+00	-3.35717e-20	-7.95114e-10	

Index   time            v2#branch       v3#branch       
--------------------------------------------------------------------------------
345	1.503080e+00	-1.74575e-20	-7.95114e-10	
346	1.503080e+00	1.273110e-19	-7.95114e-10	
347	1.503080e+00	4.333522e-21	-7.95114e-10	
348	1.503080e+00	6.903646e-20	-7.95114e-10	
349	1.503080e+00	8.554851e-21	-7.95114e-10	
350	1.503080e+00	1.675300e-19	-7.95114e-10	
351	1.503080e+00	2.450350e-19	-7.95114e-10	
352	1.503080e+00	2.110804e-19	-7.95114e-10	
353	1.503080e+00	1.166852e-19	-7.95114e-10	
354	1.503080e+00	6.002653e-20	-7.95114e-10	
355	1.503080e+00	-1.21279e-19	-7.95114e-10	
356	1.503080e+00	-3.19757e-19	-7.95114e-10	
357	1.503080e+00	-1.25732e-19	-7.95114e-10	
358	1.503080e+00	5.347298e-20	-7.95114e-10	
359	1.503080e+00	3.449156e-20	-7.95114e-10	
360	1.503080e+00	-6.81620e-19	-7.95114e-10	
361	1.503080e+00	2.862857e-19	-7.95114e-10	
362	1.503080e+00	-1.06671e-19	-7.95114e-10	
363	1.503080e+00	-3.86702e-19	-7.95114e-10	
364	1.503080e+00	-8.74921e-20	-7.95114e-10	
365	1.503080e+00	-2.23682e-20	-7.95114e-10	
366	1.503080e+00	2.605215e-21	-7.95114e-10	
367	1.503080e+00	2.711231e-21	-7.95114e-10	
368	1.503080e+00	-1.30637e-19	-7.95114e-10	
369	1.503080e+00	2.799482e-19	-7.95114e-10	
370	1.503080e+00	2.369343e-19	-7.95114e-10	
371	1.503080e+00	1.292831e-19	-7.95114e-10	
372	1.503080e+00	8.478157e-20	-7.95114e-10	
373	1.503080e+00	8.605372e-19	-7.95114e-10	
374	1.503080e+00	-1.84672e-20	-7.95114e-10	
375	1.503080e+00	2.080016e-20	-7.95114e-10	
376	1.503080e+00	1.229401e-20	-7.95114e-10	
377	1.503080e+00	-4.23238e-21	-7.95114e-10	
378	1.503080e+00	3.364718e-21	-7.95114e-10	
379	1.503080e+00	-2.25730e-20	-7.95114e-10	
380	1.503080e+00	-1.86977e-19	-7.95114e-10	
381	1.503080e+00	3.162808e-20	-7.95114e-10	
382	1.503080e+00	-3.87439e-20	-7.95114e-10	
383	1.503080e+00	-1.99297e-20	-7.95114e-10	
384	1.503080e+00	-9.69851e-21	-7.95114e-10	
385	1.503080e+00	-4.99467e-21	-7.95114e-10	
386	1.503080e+00	-2.42929e-21	-7.95114e-10	
387	1.503080e+00	-1.24499e-21	-7.95114e-10	
388	1.503080e+00	-6.06900e-22	-7.95114e-10	
389	1.503080e+00	-3.11211e-22	-7.95114e-10	
390	1.503080e+00	-1.51750e-22	-7.95114e-10	
391	1.503080e+00	-7.77945e-23	-7.95114e-10	
392	1.503080e+00	-3.79360e-23	-7.95114e-10	
393	1.503080e+00	-1.94480e-23	-7.95114e-10	
394	1.503081e+00	-9.48410e-24	-7.95114e-10	
395	1.503082e+00	-4.86200e-24	-7.95114e-10	
396	1.503084e+00	-2.37102e-24	-7.95114e-10	
397	1.503088e+00	-1.21550e-24	-7.95114e-10	
398	1.503095e+00	-5.92755e-25	-7.95114e-10	
399	1.503110e+00	-3.03874e-25	-7.95114e-10	
400	1.503141e+00	-1.48189e-25	-7.95114e-10	
401	1.503201e+00	-7.59685e-26	-7.95114e-10	
402	1.503323e+00	-3.70472e-26	-7.95114e-10	

Index   time            v2#branch       v3#branch       
--------------------------------------------------------------------------------
403	1.503566e+00	-1.89921e-26	-7.95114e-10	
404	1.504051e+00	-9.26181e-27	-7.95114e-10	
405	1.505023e+00	-4.74804e-27	-7.95114e-10	
406	1.506965e+00	-2.31545e-27	-7.95114e-10	
407	1.510850e+00	-1.18701e-27	-7.95114e-10	
408	1.518620e+00	-5.78864e-28	-7.95114e-10	
409	1.534160e+00	-2.96752e-28	-7.95114e-10	
410	1.565240e+00	-1.44716e-28	-7.95114e-10	
411	1.627400e+00	-7.41881e-29	-7.95114e-10	
412	1.727400e+00	8.274189e-30	-7.95114e-10	
413	1.827400e+00	1.314487e-29	-7.95114e-10	
414	1.927400e+00	1.294297e-29	-7.95114e-10	
415	2.001000e+00	-1.15865e-28	-7.95114e-10	
416	2.001100e+00	-1.32434e-26	-7.95114e-10	
417	2.001100e+00	3.756975e-22	-7.95114e-10	
418	2.001100e+00	-1.69995e-07	-7.52889e-06	
419	2.001100e+00	1.484156e-07	-7.35105e-06	
420	2.001100e+00	-1.31883e-07	-1.17118e-05	
421	2.001100e+00	5.441137e-07	-9.41556e-05	
422	2.001100e+00	-1.32778e-07	-1.73975e-04	
423	2.001100e+00	-6.33043e-07	-1.57070e-04	
424	2.001100e+00	-1.48815e-07	-7.34558e-05	
425	2.001100e+00	-1.92838e-08	-3.04199e-05	
426	2.001100e+00	-1.71295e-07	-2.00928e-05	
427	2.001100e+00	2.707044e-07	-2.40407e-05	
428	2.001100e+00	-3.43781e-07	-1.74393e-05	
429	2.001100e+00	3.846949e-07	-2.34068e-05	
430	2.001100e+00	-4.15278e-07	-1.71249e-05	
431	2.001100e+00	1.427181e-07	-2.35330e-06	
432	2.001100e+00	-1.26288e-07	1.057808e-06	
433	2.001100e+00	1.187885e-07	-6.96438e-07	
434	2.001100e+00	-1.14400e-07	5.261718e-07	
435	2.001100e+00	1.121898e-07	-4.51396e-07	
436	2.001100e+00	-1.11216e-07	4.166916e-07	
437	2.001100e+00	1.100461e-07	-3.87824e-07	
438	2.001100e+00	1.183225e-09	-3.75493e-08	
439	2.001100e+00	-1.15411e-09	3.223788e-08	
440	2.001100e+00	1.135215e-09	-2.93670e-08	
441	2.001100e+00	3.079219e-11	-4.89408e-09	
442	2.001100e+00	-2.89041e-11	3.319754e-09	
443	2.001100e+00	2.791521e-11	-2.72251e-09	
444	2.001100e+00	-2.76157e-11	2.447929e-09	
445	2.001100e+00	2.359638e-11	-6.87738e-10	
446	2.001100e+00	9.913155e-13	-2.71514e-10	
447	2.001100e+00	-8.96961e-13	1.396132e-10	
448	2.001100e+00	8.498164e-13	-1.02604e-10	
449	2.001100e+00	-8.05500e-13	5.812883e-11	
450	2.001100e+00	-5.00337e-14	2.030425e-11	
451	2.001100e+00	4.196710e-14	-1.43868e-11	
452	2.001100e+00	-4.08098e-14	7.424459e-12	
453	2.001100e+00	3.822615e-14	-1.04130e-11	
454	2.001100e+00	-3.77729e-14	5.830990e-12	
455	2.001100e+00	3.715783e-14	-9.68243e-12	
456	2.001100e+00	-3.70491e-14	5.492169e-12	
457	2.001100e+00	3.689712e-14	-9.51495e-12	
458	2.001100e+00	-3.68702e-14	5.410816e-12	
459	2.001100e+00	3.683235e-14	-9.47396e-12	
460	2.001100e+00	-3.68256e-14	5.390664e-12	

Index   time            v2#branch       v3#branch       
--------------------------------------------------------------------------------
461	2.001100e+00	3.681619e-14	-9.46379e-12	
462	2.001100e+00	-3.68145e-14	5.385652e-12	
463	2.001100e+00	3.681215e-14	-9.46129e-12	
464	2.001100e+00	-3.68117e-14	5.384402e-12	
465	2.001101e+00	3.681114e-14	-9.46062e-12	
466	2.001102e+00	-3.68110e-14	5.384112e-12	
467	2.001103e+00	3.681088e-14	-9.46043e-12	
468	2.001107e+00	-3.68109e-14	5.383990e-12	
469	2.001114e+00	3.681082e-14	-9.46041e-12	
470	2.001128e+00	-3.68108e-14	5.383945e-12	
471	2.001156e+00	3.681080e-14	-9.46039e-12	
472	2.001212e+00	-3.68108e-14	5.383967e-12	
473	2.001323e+00	3.681080e-14	-9.46041e-12	
474	2.001546e+00	-3.68108e-14	5.383973e-12	
475	2.001992e+00	3.681080e-14	-9.46037e-12	
476	2.002000e+00	-3.68108e-14	5.383943e-12	
477	2.002016e+00	-2.33512e-21	-2.03821e-12	
478	2.002047e+00	2.334307e-21	-2.03825e-12	
479	2.002110e+00	-2.33513e-21	-2.03821e-12	
480	2.002236e+00	2.334822e-21	-2.03820e-12	
481	2.002487e+00	-2.33498e-21	-2.03820e-12	
482	2.002989e+00	2.334899e-21	-2.03819e-12	
483	2.003994e+00	-2.33494e-21	-2.03819e-12	
484	2.006004e+00	2.334918e-21	-2.03818e-12	
485	2.010024e+00	-2.33493e-21	-2.03818e-12	
486	2.018065e+00	2.334922e-21	-2.03823e-12	
487	2.034145e+00	-2.33492e-21	-2.03822e-12	
488	2.066306e+00	2.334924e-21	-2.03822e-12	
489	2.130627e+00	-2.33492e-21	-2.03821e-12	
490	2.230627e+00	2.334924e-21	-2.03820e-12	
491	2.330627e+00	-2.33492e-21	-2.03821e-12	
492	2.430627e+00	2.334924e-21	-2.03822e-12	
493	2.502000e+00	-2.33492e-21	-2.03818e-12	
494	2.502100e+00	1.909796e-11	-2.03823e-12	
495	2.502300e+00	1.883215e-11	-2.03821e-12	
496	2.502700e+00	1.602295e-11	-2.03822e-12	
497	2.503000e+00	6.495461e-12	-1.99685e-12	
498	2.503068e+00	-1.03299e-13	-1.98612e-12	
499	2.503068e+00	3.878381e-14	-1.98610e-12	
500	2.503068e+00	8.049074e-07	1.925196e-05	
501	2.503068e+00	8.251479e-07	2.075855e-05	
502	2.503068e+00	9.156016e-07	1.918657e-05	
503	2.503068e+00	2.238009e-06	1.338806e-05	
504	2.503068e+00	2.897860e-06	6.002015e-06	
505	2.503068e+00	2.721987e-06	7.680849e-06	
506	2.503068e+00	8.725088e-07	-8.81630e-07	
507	2.503068e+00	5.310642e-07	-5.20075e-07	
508	2.503068e+00	2.598789e-07	-2.29150e-07	
509	2.503068e+00	1.450017e-07	-1.33221e-07	
510	2.503068e+00	6.273478e-08	-4.38506e-08	
511	2.503068e+00	5.170927e-08	-4.96391e-08	
512	2.503068e+00	9.119409e-09	1.861410e-09	
513	2.503068e+00	2.321828e-08	-2.63409e-08	
514	2.503068e+00	-6.39887e-09	1.401591e-08	
515	2.503068e+00	1.534338e-08	-2.03808e-08	
516	2.503068e+00	-1.06488e-08	1.712172e-08	
517	2.503068e+00	1.314085e-08	-1.88152e-08	
518	2.503068e+00	-1.18386e-08	1.794305e-08	

Index   time            v2#branch       v3#branch       
--------------------------------------------------------------------------------
519	2.503068e+00	1.252764e-08	-1.84014e-08	
520	2.503068e+00	-1.21679e-08	1.815980e-08	
521	2.503069e+00	1.234988e-08	-1.82877e-08	
522	2.503069e+00	-1.22611e-08	1.821802e-08	
523	2.503070e+00	1.231072e-08	-1.82629e-08	
524	2.503072e+00	-1.22848e-08	1.823244e-08	
525	2.503076e+00	1.229676e-08	-1.82548e-08	
526	2.503084e+00	-1.22916e-08	1.823621e-08	
527	2.503100e+00	1.229357e-08	-1.82530e-08	
528	2.503132e+00	-1.22927e-08	1.823723e-08	
529	2.503196e+00	1.229324e-08	-1.82520e-08	
530	2.503324e+00	-1.22930e-08	1.823869e-08	
531	2.503580e+00	1.229310e-08	-1.82503e-08	
532	2.504092e+00	-1.22931e-08	1.824004e-08	
533	2.505115e+00	1.229307e-08	-1.82497e-08	
534	2.507162e+00	-1.22931e-08	1.824011e-08	
535	2.511256e+00	1.229307e-08	-1.82497e-08	
536	2.519444e+00	-1.22931e-08	1.824012e-08	
537	2.535819e+00	1.229307e-08	-1.82497e-08	
538	2.568570e+00	-1.22931e-08	1.824012e-08	
539	2.634072e+00	1.229307e-08	-1.82497e-08	
540	2.734072e+00	-1.22931e-08	1.824012e-08	
541	2.834072e+00	1.229307e-08	-1.82497e-08	
542	2.934072e+00	-1.22931e-08	1.824012e-08	
543	3.001000e+00	1.229307e-08	-1.82497e-08	
544	3.001100e+00	1.622044e-15	-4.78714e-12	
545	3.001100e+00	1.622603e-15	-4.78710e-12	
546	3.001100e+00	-1.07549e-06	-8.24444e-06	
547	3.001100e+00	-1.04937e-06	-7.87254e-06	
548	3.001100e+00	-1.04365e-06	-9.95513e-06	
549	3.001100e+00	-1.02116e-06	-3.40631e-05	
550	3.001100e+00	-1.01989e-06	-2.01906e-05	
551	3.001100e+00	-9.99064e-07	-2.05632e-05	
552	3.001100e+00	-1.00121e-06	-1.96534e-05	
553	3.001100e+00	-9.79298e-07	-2.09589e-05	
554	3.001100e+00	3.192023e-09	-2.02819e-06	
555	3.001100e+00	-3.19405e-09	1.007990e-06	
556	3.001100e+00	3.186166e-09	-7.03675e-07	
557	3.001100e+00	-3.18179e-09	5.575785e-07	
558	3.001100e+00	3.177464e-09	-4.95486e-07	
559	3.001100e+00	-3.17703e-09	4.653379e-07	
560	3.001100e+00	3.174989e-09	-4.51334e-07	
561	3.001100e+00	-3.17577e-09	4.441957e-07	
562	3.001100e+00	3.174354e-09	-4.40787e-07	
563	3.001100e+00	-3.17545e-09	4.390242e-07	
564	3.001100e+00	3.174194e-09	-4.38180e-07	
565	3.001100e+00	-3.17537e-09	4.377382e-07	
566	3.001100e+00	3.174154e-09	-4.37530e-07	
567	3.001100e+00	-3.17535e-09	4.374172e-07	
568	3.001100e+00	3.174144e-09	-4.37368e-07	
569	3.001101e+00	-3.17535e-09	4.373370e-07	
570	3.001102e+00	3.174142e-09	-4.37327e-07	
571	3.001103e+00	-3.17535e-09	4.373169e-07	
572	3.001106e+00	3.174143e-09	-4.37317e-07	
573	3.001113e+00	-3.17534e-09	4.373119e-07	
574	3.001125e+00	3.174147e-09	-4.37315e-07	
575	3.001150e+00	-3.17533e-09	4.373107e-07	
576	3.001200e+00	3.174167e-09	-4.37314e-07	

Index   time            v2#branch       v3#branch       
--------------------------------------------------------------------------------
577	3.001300e+00	-3.17529e-09	4.373103e-07	
578	3.001501e+00	3.174238e-09	-4.37314e-07	
579	3.001902e+00	-3.17517e-09	4.373103e-07	
580	3.002000e+00	3.174334e-09	-4.37314e-07	
581	3.002080e+00	-3.96136e-13	-1.84298e-12	
582	3.002241e+00	-3.69199e-13	-1.77697e-12	
583	3.002561e+00	-3.25222e-13	-1.84304e-12	
584	3.003203e+00	-2.50460e-13	-1.77693e-12	
585	3.004485e+00	-1.53341e-13	-1.84299e-12	
586	3.007051e+00	-5.53151e-14	-1.78518e-12	
587	3.012182e+00	1.083539e-14	-1.95332e-12	
588	3.022443e+00	-6.72556e-15	-1.84559e-12	
589	3.042967e+00	5.196765e-15	-1.94072e-12	
590	3.084014e+00	-4.56206e-15	-1.84982e-12	
591	3.166107e+00	4.267351e-15	-1.93863e-12	
592	3.266107e+00	-4.03783e-15	-1.85087e-12	
593	3.366107e+00	3.817540e-15	-1.93771e-12	
594	3.466107e+00	-3.60749e-15	-1.85173e-12	
595	3.502000e+00	3.064560e-15	-1.93606e-12	
596	3.502100e+00	3.773651e-15	-1.90231e-12	
597	3.502300e+00	3.114445e-15	-1.90090e-12	
598	3.502700e+00	2.122204e-15	-1.89878e-12	
599	3.503000e+00	1.599609e-15	-1.89764e-12	
600	3.503080e+00	1.488545e-15	-1.89741e-12	
601	3.503080e+00	1.488576e-15	-1.89746e-12	
602	3.503080e+00	8.071680e-07	1.925060e-05	
603	3.503080e+00	8.296965e-07	2.075104e-05	
604	3.503080e+00	9.048817e-07	1.916403e-05	
605	3.503080e+00	2.091785e-06	1.382019e-05	
606	3.503080e+00	2.952565e-06	5.977631e-06	
607	3.503080e+00	2.693776e-06	7.687186e-06	
608	3.503080e+00	8.605915e-07	-8.68730e-07	
609	3.503080e+00	5.241273e-07	-5.13031e-07	
610	3.503080e+00	2.568088e-07	-2.26225e-07	
611	3.503080e+00	1.432084e-07	-1.31607e-07	
612	3.503080e+00	6.202370e-08	-4.32493e-08	
613	3.503080e+00	5.096527e-08	-4.90144e-08	
614	3.503080e+00	9.094947e-09	1.855843e-09	
615	3.503080e+00	2.282463e-08	-2.60125e-08	
616	3.503080e+00	-6.22349e-09	1.384979e-08	
617	3.503080e+00	1.505290e-08	-2.01321e-08	
618	3.503080e+00	-1.04185e-08	1.691489e-08	
619	3.503080e+00	1.287850e-08	-1.85867e-08	
620	3.503080e+00	-1.15930e-08	1.772562e-08	
621	3.503080e+00	1.227318e-08	-1.81783e-08	
622	3.503080e+00	-1.19181e-08	1.793958e-08	
623	3.503081e+00	1.209770e-08	-1.80660e-08	
624	3.503081e+00	-1.20100e-08	1.799706e-08	
625	3.503082e+00	1.205904e-08	-1.80415e-08	
626	3.503084e+00	-1.20334e-08	1.801129e-08	
627	3.503088e+00	1.204526e-08	-1.80336e-08	
628	3.503096e+00	-1.20402e-08	1.801501e-08	
629	3.503113e+00	1.204212e-08	-1.80317e-08	
630	3.503145e+00	-1.20413e-08	1.801603e-08	
631	3.503210e+00	1.204178e-08	-1.80307e-08	
632	3.503339e+00	-1.20416e-08	1.801749e-08	
633	3.503599e+00	1.204165e-08	-1.80291e-08	
634	3.504117e+00	-1.20416e-08	1.801881e-08	

Index   time            v2#branch       v3#branch       
--------------------------------------------------------------------------------
635	3.505154e+00	1.204162e-08	-1.80285e-08	
636	3.507227e+00	-1.20416e-08	1.801888e-08	
637	3.511374e+00	1.204161e-08	-1.80285e-08	
638	3.519668e+00	-1.20416e-08	1.801889e-08	
639	3.536256e+00	1.204161e-08	-1.80285e-08	
640	3.569433e+00	-1.20416e-08	1.801889e-08	
641	3.635785e+00	1.204161e-08	-1.80285e-08	
642	3.735785e+00	-1.20416e-08	1.801889e-08	
643	3.835785e+00	1.204161e-08	-1.80285e-08	
644	3.935785e+00	-1.20416e-08	1.801889e-08	
645	4.001000e+00	1.204161e-08	-1.80285e-08	
646	4.001100e+00	1.612138e-15	-4.78715e-12	
647	4.001100e+00	1.612755e-15	-4.78713e-12	
648	4.001100e+00	-1.07550e-06	-8.24451e-06	
649	4.001100e+00	-1.04936e-06	-7.87247e-06	
650	4.001100e+00	-1.04366e-06	-9.95523e-06	
651	4.001100e+00	-1.02115e-06	-3.40634e-05	
652	4.001100e+00	-1.01991e-06	-2.01903e-05	
653	4.001100e+00	-9.99052e-07	-2.05634e-05	
654	4.001100e+00	-1.00122e-06	-1.96532e-05	
655	4.001100e+00	-9.79287e-07	-2.09590e-05	
656	4.001100e+00	3.191870e-09	-2.02817e-06	
657	4.001100e+00	-3.19390e-09	1.008011e-06	
658	4.001100e+00	3.186017e-09	-7.03700e-07	
659	4.001100e+00	-3.18165e-09	5.576006e-07	
660	4.001100e+00	3.177315e-09	-4.95507e-07	
661	4.001100e+00	-3.17688e-09	4.653581e-07	
662	4.001100e+00	3.174840e-09	-4.51354e-07	
663	4.001100e+00	-3.17562e-09	4.442155e-07	
664	4.001100e+00	3.174205e-09	-4.40807e-07	
665	4.001100e+00	-3.17530e-09	4.390438e-07	
666	4.001100e+00	3.174046e-09	-4.38200e-07	
667	4.001100e+00	-3.17522e-09	4.377578e-07	
668	4.001100e+00	3.174006e-09	-4.37550e-07	
669	4.001100e+00	-3.17520e-09	4.374368e-07	
670	4.001100e+00	3.173996e-09	-4.37388e-07	
671	4.001101e+00	-3.17520e-09	4.373566e-07	
672	4.001102e+00	3.173993e-09	-4.37347e-07	
673	4.001103e+00	-3.17520e-09	4.373365e-07	
674	4.001106e+00	3.173994e-09	-4.37337e-07	
675	4.001113e+00	-3.17519e-09	4.373315e-07	
676	4.001125e+00	3.173999e-09	-4.37334e-07	
677	4.001150e+00	-3.17518e-09	4.373302e-07	
678	4.001200e+00	3.174018e-09	-4.37334e-07	
679	4.001300e+00	-3.17515e-09	4.373299e-07	
680	4.001501e+00	3.174089e-09	-4.37333e-07	
681	4.001902e+00	-3.17502e-09	4.373298e-07	
682	4.002000e+00	3.174186e-09	-4.37333e-07	
683	4.002080e+00	-3.96136e-13	-1.84299e-12	
684	4.002241e+00	-3.69199e-13	-1.77694e-12	
685	4.002561e+00	-3.25221e-13	-1.84305e-12	
686	4.003203e+00	-2.50459e-13	-1.77696e-12	
687	4.004485e+00	-1.53339e-13	-1.84298e-12	
688	4.007051e+00	-5.53133e-14	-1.78518e-12	
689	4.012182e+00	1.083582e-14	-1.95329e-12	
690	4.022444e+00	-6.72587e-15	-1.84558e-12	
691	4.042967e+00	5.197027e-15	-1.94071e-12	
692	4.084015e+00	-4.56230e-15	-1.84982e-12	

Index   time            v2#branch       v3#branch       
--------------------------------------------------------------------------------
693	4.166109e+00	4.267580e-15	-1.93865e-12	
694	4.266109e+00	-4.03805e-15	-1.85087e-12	
695	4.366109e+00	3.817746e-15	-1.93771e-12	
696	4.466109e+00	-3.60768e-15	-1.85173e-12	
697	4.502000e+00	3.064694e-15	-1.93608e-12	
698	4.502100e+00	3.773814e-15	-1.90232e-12	
699	4.502300e+00	3.114578e-15	-1.90090e-12	
700	4.502700e+00	2.122293e-15	-1.89878e-12	
701	4.503000e+00	1.599676e-15	-1.89764e-12	
702	4.503000e+00	1.599592e-15	-1.89765e-12	
703	4.503000e+00	8.071569e-07	1.925067e-05	
704	4.503000e+00	8.296769e-07	2.075095e-05	
705	4.503000e+00	9.049159e-07	1.916417e-05	
706	4.503000e+00	2.092408e-06	1.381792e-05	
707	4.503000e+00	2.952371e-06	5.977688e-06	
708	4.503000e+00	2.693879e-06	7.687203e-06	
709	4.503000e+00	8.606290e-07	-8.68772e-07	
710	4.503000e+00	5.241469e-07	-5.13050e-07	
711	4.503000e+00	2.568161e-07	-2.26233e-07	
712	4.503000e+00	1.432129e-07	-1.31609e-07	
713	4.503000e+00	6.202529e-08	-4.32522e-08	
714	4.503000e+00	5.096749e-08	-4.90147e-08	
715	4.503000e+00	9.094692e-09	1.854616e-09	
716	4.503000e+00	2.282598e-08	-2.60121e-08	
717	4.503000e+00	-6.22427e-09	1.384897e-08	
718	4.503000e+00	1.505398e-08	-2.01315e-08	
719	4.503000e+00	-1.04194e-08	1.691418e-08	
720	4.503000e+00	1.287950e-08	-1.85861e-08	
721	4.503000e+00	-1.15939e-08	1.772494e-08	
722	4.503000e+00	1.227416e-08	-1.81776e-08	
723	4.503000e+00	-1.19190e-08	1.793891e-08	
724	4.503001e+00	1.209867e-08	-1.80653e-08	
725	4.503001e+00	-1.20110e-08	1.799639e-08	
726	4.503002e+00	1.206001e-08	-1.80409e-08	
727	4.503004e+00	-1.20344e-08	1.801063e-08	
728	4.503008e+00	1.204624e-08	-1.80329e-08	
729	4.503016e+00	-1.20411e-08	1.801434e-08	
730	4.503033e+00	1.204309e-08	-1.80311e-08	
731	4.503065e+00	-1.20423e-08	1.801536e-08	
732	4.503130e+00	1.204276e-08	-1.80301e-08	
733	4.503259e+00	-1.20425e-08	1.801682e-08	
734	4.503518e+00	1.204262e-08	-1.80284e-08	
735	4.504037e+00	-1.20426e-08	1.801814e-08	
736	4.505074e+00	1.204259e-08	-1.80278e-08	
737	4.507147e+00	-1.20426e-08	1.801821e-08	
738	4.511294e+00	1.204259e-08	-1.80278e-08	
739	4.519588e+00	-1.20426e-08	1.801822e-08	
740	4.536175e+00	1.204259e-08	-1.80278e-08	
741	4.569351e+00	-1.20426e-08	1.801822e-08	
742	4.635701e+00	1.204259e-08	-1.80278e-08	
743	4.735701e+00	-1.20426e-08	1.801822e-08	
744	4.835701e+00	1.204259e-08	-1.80278e-08	
745	4.935701e+00	-1.20426e-08	1.801822e-08	
746	5.000000e+00	1.204259e-08	-1.80278e-08	
